  1   0   2   2  44  29 
  1   0   3   3  12  19  43 
  1   0   4   5  13  14  46  30 
  1   0   5   6  45  43 
  1   0   8  63 
  2   0   1   2  12   7  43  45  30 
  2   0   5   6  45  46 
  3   0   1   3  11  32  44 
  3   0  11  62 
  3   0  33  65 
  3   0  79   5  14 
  4   0   1   4  12  45 
  4   0   5   6  43  44  29 
  4   0   7   5  46  30 
  4   0   8  63 
  5   0   4   9  43  30 
  5  50   5   6   7  45 
  5   0   6   6 
  5   0   5  44  46 
  6   0   1   2  45 
  6   0   4   9  43  44  30 
  6   0   5   6  46 
  7   0   1  12 
  7   0   4   4  45 
  7   0   5   6  43  44 
  7   0   8   5  15  16  46 
  7   0 595  60  14  30 
  8   0   5   6  43  44  46 
  8   0   1  12 
  8   0   7   4  13  45 
  8 303   9   3  19  30 
  8   0 593   3 
  9 303   8  11  29 
  9   0 593  11 
  9   0  10  17  18  19  44 
  9   0  14  31 
  9   0  11  51 
 10   0   9  11  20  21  43 
 10   0  11  19  22  44  51 
 10   0  14  31 
 11 303   8  63 
 11   0   9  64 
 11   0  10  17  18  23  24  43 
 11   0  12  25  19  29  44 
 11   0   3  62 
 11   0  14  31 
 12 303   8  63 
 12   0   9  64 
 12   0  11  30  43  51 
 12   0  13  19  29  44 
 12   0  14  31 
 13 303   8  63 
 13   0   9  64 
 13   0  11  51 
 13   0  12  25  43 
 13   0  14  23  31  44 
 14 303   8  63 
 14   0   9  64 
 14   0  11  51 
 14   0  13  23  43 
 14 150  20  30  31  34 
 14   0  15  30 
 14   0  16  33  44 
 15   0  18  36  46 
 15   0  17   7  38  44 
 15   0  19  10  30  45 
 15 150  22  29  31  34  35  23  43 
 15   0  14  29 
 15   0  34  55 
 16   0  14   1 
 17   0  15  38  43 
 17 312 596  39 
 17 412  21   7 
 17 412 597  41  42  44  69 
 17   0  27  41 
 18   0  15  38  11  45 
 19   0  15  10  29  43 
 19 311  28  45  36 
 19 311  29  46  37 
 19 311  30  44   7 
 19   0  32  45 
 19  35  74  49 
 19 211  32  49 
 19   0  74  66 
 20   0   0   1 
 21   0   0   1 
 22   0  15   1 
 23   0  67  43  42 
 23   0  68  44  61 
 23   0  25  30  31 
 23   0 648  52 
 24   0  67  29  11 
 25   0  23  29  11 
 25 724  31  56 
 25   0  26  56 
 26   0  88   1 
 27 312 596  39 
 27 412  21   7 
 27 412 597  41  42  43  69 
 27   0  17  41 
 27   0  40  45 
 27   0  41  44 
 28   0  19  38  11  46 
 28   0  33  45  55 
 28   0  36  30  52 
 29   0  19  38  11  45 
 30   0  19  38  11  43 
 30   0  62  44  29 
 31 524  89   1 
 31   0  90   1 
 32   0  19   1 
 33   0   3  65 
 33   0  28  46 
 33   0  34  43  53  54 
 33   0  35  44 
 33 159 302  71 
 33   0 100  71 
 34   0  33  30  55 
 34   0  15  29 
 35   0  33  43  55 
 35   0  20  39 
 36   0  37  43  17 
 36   0  28  29  52 
 36   0  39  44 
 36   0  65  70 
 37   0  36  44  17 
 37   0  38  30  31  56 
 38   0  37  56  29  11 
 38   0 595  60  14  30   4   5 
 39   0  36  43  23 
 39   0  64  30  52  58 
 39   0  65  70 
 40   0  41   1 
 41   0  42  46  29  23  56 
 41   0  27  43 
 41   0  59  45 
 41   0  60  44  17 
 42   0  41  29 
 42   0  42  45 
 42   0  43  43 
 42   0  45  46 
 42   0  80  44 
 43   0  42  44 
 43   0  44  46 
 43   0  45  43 
 44   0  43  43 
 44   0  48  30 
 44   0  50  46 
 44   0  82  45 
 45   0  42  44 
 45   0  43  45 
 45   0  46  43 
 45   0  47  46 
 45   0  87  29  30 
 46   0  45  44  11 
 47   0  45  43  11 
 48   0  44  29  11 
 49   0  50  43 
 49   0  51  44 
 50   0  44  43 
 50   0  49  44 
 50   0  51  30 
 50   0  52  46 
 51   0  49  44 
 51   0  50  29 
 51   0  52  43 
 51   0  53  46 
 52   0  50  44 
 52   0  51  43 
 52   0  52  46 
 52   0  53  29 
 52   0  55  45 
 52   0  86  30 
 53   0  51  44 
 53   0  52  45 
 53   0  54  46 
 54   0  53  44  11 
 55   0  52  44 
 55   0  55  45 
 55   0  56  30 
 55   0  57  43 
 56   0  55  29  11 
 57   0  13  30  56 
 57   0  55  44 
 57   0  58  46 
 57   0  83  45 
 57   0  84  43 
 58   0  57  43  11 
 59   0  27   1 
 60   0  41  43  29  17 
 60   0  61  44 
 60   0  62  45  30  52 
 61   0  60  43 
 61   0  62  45 
 61 100 107  46 
 62   0  60  44 
 62   0  63  45 
 62   0  30  43 
 62   0  61  46 
 63   0  62  46  11 
 64   0  39  29  56  59 
 64   0  65  44  70 
 64   0 103  45  74 
 64   0 106  43 
 65   0  64  43 
 65   0  66  44 
 65  80 556  46 
 65   0  68  61 
 65  80 556  29 
 65  50  70  29 
 65   0  39  29 
 65  60 556  45 
 65  75  72  45 
 65   0  71  45 
 65  80 556  30 
 65   0 106  30 
 66   0  65  47 
 66   0  67  44 
 66  80 556  46 
 66   0  77  25 
 66   0  96  43 
 66  50 556  50 
 66   0  97  72 
 67   0  66  43 
 67   0  23  44  42 
 67   0  24  30  31 
 68   0  23  46 
 68   0  69  29  56 
 68   0  65  45 
 69   0  68  30  61 
 69 331 120  46 
 69   0 119  46 
 69   0 109  45 
 69   0 113  75 
 70   0  71  45 
 70   0  65  30  23 
 70   0 111  46 
 71   0  65  48 
 71   0  70  46 
 71   0 110  45 
 72   0  65  70 
 72   0 118  49 
 72   0  73  45 
 72   0  97  48 
 73   0  72  46  17  11 
 74   0  19  43 
 74 331 120  44 
 74   0 121  44 
 74   0  75  30 
 75   0  76  46 
 75   0  77  45 
 76   0  75  45 
 77   0  75  43 
 77   0  78  44 
 77   0  66  45  17 
 78   0  77  46 
 79   0   3   1 
 80   0  42  45 
 80   0  80  44  46 
 80   0  81  43 
 81   0  80  44  11 
 82   0  44  46  11 
 83   0  57  46 
 83   0  84  43 
 83   0  85  44 
 84   0  57  45 
 84   0  83  44 
 84   0 114  50 
 85   0  83  43  11 
 86   0  52  29  11 
 87   0  45  29  30 
 88   0  25  30  56  43 
 88   0  20  39 
 88   0  92  44  27 
 89   0  25   1 
 90   0  23   1 
 91   0  95  45  73  23 
 91   0  72  30  56 
 92   0  88  46 
 92   0  93  43 
 92   0  94  45 
 93   0  92  46  27  11 
 94   0  92  46  27  23 
 94 309  95  45   3  73 
 94   0 611  45 
 95   0  94  46  11 
 95   0  92  27 
 95   0  91  44 
 96   0  66  44  11 
 97   0  66  48 
 97   0  72  44  17 
 97   0  98  29  45  73 
 98   0  97  46  72 
 98   0  99  44 
 99   0  98  50  73 
 99   0 301  43  23 
 99   0 100  43 
100   0 301  44  23  11 
100   0  99  44 
100 159 302  71 
100   0  33  71 
100   0 101  47  22 
101   0 100  46  71  11 
102   0 103  30  74  11 
103   0 102  29  38 
103   0 104  30 
103 114 618  46 
103 115 619  46 
103   0  64  46 
104   0 103  29  74 
104   0 105  30 
105   0 104  29  11 
105   0 103  74 
106   0  64  29 
106   0  65  44 
106   0 108  43 
107   0 131  46 
107   0 132  49 
107   0 133  47 
107   0 134  48 
107   0 135  29 
107   0 136  50 
107   0 137  43 
107   0 138  44 
107   0 139  45 
107   0  61  30 
108  95 556  43  45  46  47  48  49  50  29  30 
108   0 106  43 
108   0 626  44 
109   0  69  46 
109   0 113  45  75 
110   0  71  44 
110   0  20  39 
111   0  70  45 
111  40  50  30  39  56 
111  50  53  30 
111   0  45  30 
112   0 131  49 
112   0 132  45 
112   0 133  43 
112   0 134  50 
112   0 135  48 
112   0 136  47 
112   0 137  44 
112   0 138  30 
112   0 139  29 
112   0 140  46 
113   0 109  46  11 109 
114   0  84  48 
115   0 116  49 
116   0 115  47 
116   0 593  30 
117   0 118  49 
117 233 660  41  42  69  47 
117 332 661  41 
117   0 303  41 
117 332  21  39 
117   0 596  39 
118   0  72  30 
118   0 117  29 
119   0  69  45  11 
119   0 653  43   7 
120   0  69  45 
120   0  74  43 
121   0  74  43  11 
121   0 653  45   7 
122   0 123  47 
122 233 660  41  42  69  49 
122   0 303  41 
122   0 596  39 
122   0 124  77 
122   0 126  28 
122   0 129  40 
123   0 122  44 
123   0 124  43  77 
123   0 126  28 
123   0 129  40 
124   0 123  44 
124   0 125  47  36 
124   0 128  48  37  30 
124   0 126  28 
124   0 129  40 
125   0 124  46  77 
125   0 126  45  28 
125   0 127  43  17 
126   0 125  46  23  11 
126   0 124  77 
126   0 610  30  39 
127   0 125  44  11  17 
127   0 124  77 
127   0 126  28 
128   0 124  45  29  77 
128   0 129  46  30  40 
128   0 126  28 
129   0 128  44  29 
129   0 124  77 
129   0 130  43  19  40   3 
129   0 126  28 
130   0 129  44  11 
130   0 124  77 
130   0 126  28 
131   0 107  44 
131   0 132  48 
131   0 133  50 
131   0 134  49 
131   0 135  47 
131   0 136  29 
131   0 137  30 
131   0 138  45 
131   0 139  46 
131   0 112  43 
132   0 107  50 
132   0 131  29 
132   0 133  45 
132   0 134  46 
132   0 135  44 
132   0 136  49 
132   0 137  47 
132   0 138  43 
132   0 139  30 
132   0 112  48 
133   0 107  29 
133   0 131  30 
133   0 132  44 
133   0 134  47 
133   0 135  49 
133   0 136  43 
133   0 137  45 
133   0 138  50 
133   0 139  48 
133   0 112  46 
134   0 107  47 
134   0 131  45 
134   0 132  50 
134   0 133  48 
134   0 135  43 
134   0 136  30 
134   0 137  46 
134   0 138  29 
134   0 139  44 
134   0 112  49 
135   0 107  45 
135   0 131  48 
135   0 132  30 
135   0 133  46 
135   0 134  43 
135   0 136  44 
135   0 137  49 
135   0 138  47 
135   0 139  50 
135   0 112  29 
136   0 107  43 
136   0 131  44 
136   0 132  29 
136   0 133  49 
136   0 134  30 
136   0 135  46 
136   0 137  50 
136   0 138  48 
136   0 139  47 
136   0 112  45 
137   0 107  48 
137   0 131  47 
137   0 132  46 
137   0 133  30 
137   0 134  29 
137   0 135  50 
137   0 136  45 
137   0 138  49 
137   0 139  43 
137   0 112  44 
138   0 107  30 
138   0 131  43 
138   0 132  47 
138   0 133  29 
138   0 134  44 
138   0 135  45 
138   0 136  46 
138   0 137  48 
138   0 139  49 
138   0 112  50 
139   0 107  49 
139   0 131  50 
139   0 132  43 
139   0 133  44 
139   0 134  45 
139   0 135  30 
139   0 136  48 
139   0 137  29 
139   0 138  46 
139   0 112  47 
140   0 112  45  11 

