  1   3   0
  2   3   0
  3   8   9
  4  10   0
  5  11   0
  6   0   0
  7  14  15
  8  13   0
  9  94  -1
 10  96   0
 11  19  -1
 12  17  27
 13 101  -1
 14 103   0
 15   0   0
 16 106   0
 17   0  -1
 18   0   0
 19   3   0
 20   3   0
 21   0   0
 22   0   0
 23 109  -1
 24  25  -1
 25  23  67
 26 111  -1
 27  35 110
 28   0   0
 29  97  -1
 30   0   0
 31 119 121
 32 117 122
 33 117 122
 34   0   0
 35 130  -1
 36   0  -1
 37 126  -1
 38 140  -1
 39   0   0
 40  96  -1
 41 149  -1
 42  78 150
 43 157   0
 44   0   0
 45   0   0
 46   0   0
 47   0   0
 48   0   0
 49   0   0
 50  18   0
 51  27   0
 52  35   0
 53  29   0
 54  30   0
 55   0   0
 56  92   0
 57  95   0
 58  97   0
 59 100   0
 60 101   0
 61   0   0
 62 119 121
 63 127   0
 64 130  -1
 65  73   0
 66 155   0
 67 158   0
 68   0   0
 69 148   0
 70 150   0
 71 159   0
 72 160   0
 73 126   0
 74   0   0
 75   0   0
 76   0   0
 77   0   0
 78   0   0
 79   0   0
 80   0   0
 81   0   0
 82   0   0
 83   0   0
 84   0   0
 85   0   0
 86   0   0
 87   0   0
 88   0   0
 89   0   0
 90   0   0
 91   0   0
 92   0   0
 93   0   0
 94   0   0
 95   0   0
 96   0   0
 97   0   0
 98   0   0
 99   0   0
100   0   0
