    0    1    2    3    4    5    6    7    8    9   10
    0  141  142  143  144  145  146  147  148  149  150
    0  151  152  153  154  155  156  157  158
    0  100  115  116  126  160
    1   16   20   21   22   24   26   31   32   40   59
    1   79   89   90
    2    1    3    4    7   24   38   95  113
    3   46   47   48   54   56   58   82   85   86  122
    3  123  124  125  126  127  128  129  130
    4    8
    5   13
    6   19
    7   42   43   44   45   46   47   48   49   50   51
    7   52   53   54   55   56   80   81   82   86   87
    8   99  100  101
    9  108
