29 29 5 5 22 22 21 21 82 82
82 82 82 82 54 54 54 54 54 54
22 22 24 24 24 24 24 24 24 24
24 24 24 24 24 24 22 22 22 22
24 24 24 24 24 24 24 24 82 82
82 82 82 82 34 34 82 82 82 82
82 82 82 82 82 82 82 82 82 82
82 82 50 50 82 82 82 82 82 82
10 10 10 10 77 77 70 70 10 10
10 10 4 4 81 81 93 93 93 93
93 93 93 93 93 93 61 61 81 81
82 82 93 93 82 82 82 82 82 82
34 34 61 61 82 82 81 81 81 81
81 81 0 0 24 24 81 81 81 81
81 81 81 81 82 82 82 82 82 82
82 82 81 81 81 81 0 0 82 82
13 13 73 73 57 57 0 0 34 34
50 50 12 12 77 77 36 36 82 82
82 82 81 81 64 64 82 82 82 82
82 82 82 82 10 10 82 82 82 82
82 82 82 82 34 34 82 82 82 82
10 10 82 82 63 63 82 82 10 10
10 10 10 10 81 81 10 10 82 82
77 77 82 82 77 77 29 29 29 29
48 48 85 85 82 82 82 82 82 82
82 82 82 82 82 82 82 82 89 89
89 89 89 89 89 89 24 24 24 24
24 24 24 24 24 24 36 36 36 36
13 13 13 13 24 24 24 24 24 24
24 24 60 60 60 60 22 22 24 24
24 24 22 22 24 24 22 22 82 82
82 82 82 82 82 82 34 34 82 82
82 82 82 82 82 82 82 82 24 24
24 24 13 13 13 13 24 24 13 13
24 24 13 13 24 24 24 24 13 13
13 13 13 13 13 13 54 54 54 54
54 54 54 54 54 54 82 82 81 81
81 81 24 24 81 81 93 93 24 24
81 81 81 81 81 81 10 10 34 34
82 82 81 81 81 81 82 82 82 82
45 45 48 48 49 49 24 24 4 4
4 4 4 4 4 4 82 82 82 82
24 24 82 82 82 82 24 24 82 82
4 4 10 10 10 10 4 4 82 82
82 82 82 82 10 10 10 10 24 24
82 82 82 82 89 89 89 89 82 82
34 34 87 87 33 33 82 82 53 53
34 34 89 89 69 69 82 82 34 34
34 34 82 82 82 82 34 34 53 53
34 34 82 82 34 34 34 34 89 89
34 34 10 10 89 89 82 82 34 34
82 82 4 4 4 4 4 4 4 4
4 4 61 61 75 75 4 4 37 37
4 4 0 0 0 0 0 0 0 0
0 0 0 0 0 0 0 0 0 0
82 82 82 82 4 4 4 4 4 4
4 4 0 0 4 4 73 73 4 4
73 73 4 4 0 0 0 0 0 0
4 4 4 4 4 4 15 15 56 56
0 0 56 56 32 32 82 82 82 82
56 56 82 82 15 15 51 51 51 51
36 36 82 82 82 82 82 82 82 82
0 0 24 24 82 82 82 82 64 64
0 0 4 4 4 4 4 4 4 4
4 4 4 4 4 4 82 82 4 4
4 4 0 0 24 24 0 0 24 24
38 38 57 57 47 47 57 57 47 47
24 24 4 4 0 0 0 0 38 38
38 38 0 0 47 47 0 0 4 4
4 4 4 4 4 4 4 4 4 4
33 33 82 82 82 82 4 4 4 4
7 7 18 18 4 4 4 4 22 22
14 14 0 0 14 14 0 0 0 0
0 0 0 0 0 0 0 0 0 0
0 0 0 0 0 0 82 82 4 4
73 73 4 4 73 73 4 4 82 82
0 0 0 0 4 4 4 4 4 4
4 4 4 4 4 4 4 4 82 82
4 4 4 4 82 82 82 82 82 82
7 7 82 82 82 82 82 82 75 75
0 0 0 0 0 0 14 14 0 0
82 82 0 0 0 0 4 4 4 4
0 0 0 0 0 0 4 4 4 4
43 43 43 43 43 43 4 4 4 4
4 4 48 48 4 4 4 4 4 4
4 4 4 4 4 4 0 0 81 81
82 82 0 0 0 0 3 3 73 73
4 4 4 4 0 0 0 0 81 81
4 4 4 4 4 4 43 43 43 43
4 4 82 82 41 41 41 41 45 45
82 82 22 22 0 0 0 0 29 29
3 3 4 4 4 4 4 4 4 4
4 4 4 4 0 0 0 0 4 4
4 4 4 4 4 4 4 4 13 13
4 4 26 26 0 0 0 0 4 4
4 4 4 4 4 4 0 0 0 0
0 0 0 0 0 0 4 4 4 4
4 4 4 4 -1 0 0 18 3 12
0 3 0 3 3 0 4 60 3 0
0 2 0 4 3 6 3 0 4 7
6 2 7 2 5 6 30 2 5 3
4 3 4 0 0 0 3 0 0 2
0 3 3 0 2 60 5 0 0 2
0 4 0 0 0 0 2 0 4 0
3 0 0 0 62 5 0 0 0 0
0 0 0 0 5 0 0 6 0 3
0 0 0 38 5 0 0 0 3 0
0 3 0 3 20 0 3 0 3 3
0 4 60 5 0 0 2 0 4 0
5 0 3 20 0 8 0 3 3 0
4 60 5 0 0 2 0 4 2 2
5 3 20 5 8 4 9 3 5 4
60 3 7 4 2 3 4 0 8 24
3 0 0 4 3 3 3 0 0 60
3 0 0 2 3 2 0 4 8 4
6 7 8 0 3 2 0 0 38 3
0 0 0 3 2 0 10 3 6 4
3 6 2 7 4 5 4 38 5 5
0 4 3 4 0 12 10 16 8 0
2 2 3 8 3 6 34 3 3 0
4 3 4 2 3 5 3 16 5 8
2 11 3 5 4 10 9 7 4 2
4 4 0 7 18 3 20 0 2 0
3 3 0 4 60 3 0 0 2 0
4 0 0 18 3 6 0 5 0 3
3 0 4 60 3 0 0 2 0 4
0 0 2 3 16 3 4 5 3 3
0 4 44 3 0 0 2 3 4 0
0 20 10 0 0 8 0 3 5 0
0 38 3 0 0 0 3 0 0 0
18 12 0 0 4 0 3 0 0 0
38 3 0 0 0 3 0 0 0 4
5 0 0 0 0 3 3 0 0 60
3 0 0 2 0 0 0 0 6 3
3 0 0 0 3 3 0 4 60 3
0 0 2 0 4 0 0 12 3 2
0 0 0 3 3 0 4 60 3 0
0 2 0 4 0 2 16 3 20 0
0 2 3 3 0 4 60 3 0 0
2 0 4 0 2 22 3 20 0 0
16 3 3 0 4 60 3 0 0 2
0 4 0 0 26 3 10 0 0 0
3 3 0 4 60 3 0 0 2 0
4 0 9 28 3 20 0 0 0 3
3 0 4 60 3 0 0 2 0 4
0 0 14 3 8 0 0 0 3 3
0 4 60 3 0 0 2 0 4 0
0 0 0 4 0 0 0 0 0 0
0 18 0 0 0 0 0 0 0 2
0 3 20 0 0 18 0 3 0 4
60 0 0 0 2 0 4 0 0 0
3 16 5 0 3 0 3 0 4 10
0 0 0 2 0 4 0 0 0 8
0 0 0 0 0 0 0 0 38 0
0 0 0 3 0 0 0 0 3 4
0 0 0 0 3 0 4 60 0 0
0 2 0 4 0 0 0 7 0 0
0 0 0 0 0 0 38 0 0 0
0 3 0 0 0 0 9 0 0 0
0 0 0 0 0 38 0 0 0 0
3 0 0 0 0 11 0 0 0 0
0 0 0 0 38 0 0 0 0 3
0 0 11 0 3 20 0 0 0 0
3 0 4 60 0 0 0 2 0 4
0 13 0 3 20 0 0 0 0 3
0 4 60 0 0 0 2 0 4 0
0 0 0 2 0 0 0 0 0 0
0 18 0 0 0 0 0 0 0 0
0 3 16 2 0 0 0 3 0 4
60 0 0 0 2 0 4 0 0 0
3 16 7 0 0 0 3 0 4 60
0 0 0 2 0 4 0 0 0 2
0 0 0 0 0 0 0 0 38 0
0 0 0 3 0 0 0 0 13 0
0 0 0 0 0 0 0 38 0 0
0 0 3 0 0 2 0 3 20 0
0 14 0 3 0 4 60 0 0 0
2 0 4 0 0 0 18 0 0 0
0 0 0 0 0 38 0 0 0 0
3 0 0 0 0 3 16 5 0 5
0 3 0 4 10 0 0 0 2 0
4 0 15 0 3 20 0 0 0 0
3 0 4 60 0 0 0 2 0 4
0 17 0 3 20 0 0 0 0 3
0 4 60 0 0 0 2 0 4 0
2 0 3 20 0 0 20 0 3 0
4 60 0 0 0 2 0 4 0 0
0 0 4 0 0 0 0 0 0 0
62 0 0 0 0 0 0 0 0 0
3 14 9 2 0 3 3 0 4 56
0 0 0 2 0 4 0 0 0 3
14 9 4 0 3 3 0 4 56 0
0 0 2 0 4 0 0 0 0 3
0 0 0 0 0 0 0 8 0 0
0 0 0 0 0 2 0 3 20 0
0 3 0 3 0 4 60 0 0 0
2 0 4 0 2 0 3 20 0 0
8 0 3 0 4 60 0 0 0 2
0 4 0 2 0 3 20 0 0 5
0 3 0 4 60 0 0 0 2 0
4 0 0 0 0 6 0 0 0 0
0 0 0 62 0 0 0 0 0 0
0 19 0 3 20 0 0 0 0 3
0 4 60 0 0 0 2 0 4 0
21 0 3 20 0 0 0 0 3 0
4 60 0 0 0 2 0 4 0 0
0 3 5 0 0 0 0 3 0 4
60 0 0 0 2 0 4 0 0 0
3 16 5 0 7 3 3 0 4 16
0 0 0 2 0 4 0 2 0 3
18 9 10 22 3 3 0 4 56 2
0 0 2 0 4 0 2 0 3 18
4 8 7 3 3 0 4 52 3 0
0 2 5 4 0 2 0 3 18 9
10 26 3 3 0 4 56 2 0 0
2 0 4 0 2 0 3 20 0 0
9 3 3 0 4 60 0 0 0 2
0 4 0 0 0 0 5 0 0 0
0 0 0 0 8 0 0 0 0 0
0 0 0 0 3 14 9 0 0 5
3 0 4 56 0 0 0 2 0 4
0 0 0 0 0 0 0 0 0 3
0 0 60 0 0 0 3 0 0 0
0 0 3 16 5 0 9 0 3 0
4 10 0 0 0 2 0 4 0 0
0 0 0 0 0 0 5 0 0 0
4 0 0 0 0 0 0 0 2 0
3 18 4 8 7 3 3 0 4 52
5 0 0 2 5 4 0 2 0 3
18 9 6 11 3 3 0 4 56 3
0 0 2 0 4 0 2 0 3 18
9 6 11 3 3 0 4 56 5 0
0 2 0 4 0 2 0 3 20 0
0 9 5 3 0 4 60 0 0 0
2 0 4 0 0 0 14 0 0 0
0 0 6 0 0 38 0 0 0 0
3 0 0 0 0 16 0 0 0 0
0 8 0 0 38 0 0 0 0 3
0 0 2 0 3 20 0 0 6 0
3 0 4 60 0 0 0 2 0 4
0 2 0 3 20 0 0 10 0 3
0 4 60 0 0 0 2 0 4 0
2 0 3 20 0 0 13 0 3 0
4 60 0 0 0 2 0 4 0 2
0 3 20 0 0 12 0 3 0 4
60 0 0 0 2 0 4 0 2 0
3 20 0 0 15 0 3 0 4 60
0 0 0 2 0 4 0 2 0 3
20 0 0 17 0 3 0 4 28 0
0 0 2 7 4 0 2 0 3 20
0 0 24 0 3 0 4 60 0 0
0 2 0 4 0 2 0 3 20 0
0 19 0 3 0 4 60 0 0 0
2 0 4 -2 1 7 2 1 1 7
2 7 3 7 3 7 3 7 3 7
3 7 4 7 3 7 3 7 3 7
3 7 3 7 3 7 3 7 4 7
3 7 3 7 5 7 3 7 6 7
7 7 2 7 12 7 12 7 13 7
2 1 6 1 15 7 3 1 5 1
7 1 9 1 8 7 8 7 13 7
13 7 11 7 3 1 8 7 11 7
12 7 2 1 2 1 9 7 16 7
17 7 18 7 19 7 20 7 3 7
10 7 13 7 13 7 4 7 5 7
6 7 7 7 21 7 15 7 21 7
22 7 23 7 24 7 2 1 23 7
10 7 11 7 26 7 24 7 4 1
8 1 10 1 12 1 14 7 25 7
22 7 27 7 4 1 46 1 6 1
6 1 9 7 31 7 32 7 33 7
10 7 35 7 36 7 10 7 38 7
39 7 39 7 40 7 41 7 11 7
43 7 44 7 11 7 17 7 11 7
46 7 47 7 11 7 49 7 50 7
51 7 2 7 53 7 7 1 55 7
56 7 57 7 58 7 13 7 8 7
5 5 5 3 12 7 13 7 61 7
62 7 63 7 64 7 65 7 66 7
8 7 2 7 18 7 16 7 17 7
12 7 68 7 2 1 70 7 71 7
2 1 4 1 74 7 73 7 74 7
73 7 12 7 75 7 13 7 8 7
2 1 4 1 20 7 79 7 14 7
15 7 82 7 7 7 7 7 7 7
7 7 7 7 7 7 7 7 7 7
7 7 2 7 2 7 11 7 7 7
2 1 7 7 2 1 6 1 8 7
8 7 8 7 2 1 13 7 13 7
11 7 9 7 12 7 11 7 12 7
7 7 7 7 7 7 7 7 7 7
7 7 7 7 7 7 7 7 7 7
7 7 7 7 7 7 7 7 7 7
7 7 7 7 10 7 10 7 2 7
6 1 16 7 17 7 18 7 19 7
7 7 2 1 7 7 7 7 7 7
7 7 7 7 20 7 2 1 2 1
3 7 7 7 7 7 7 7 2 1
2 1 7 7 7 7 7 7 7 7
7 7 10 7 7 7 7 7 7 7
4 1 3 1 2 1 7 7 7 7
2 1 7 7 7 7 13 7 4 1
2 1 7 7 7 7 3 1 4 1
7 7 7 7 7 7 7 7 7 7
13 7 7 7 7 7 4 7 2 1
5 7 6 7 7 7 7 7 7 7
21 7 7 7 15 7 21 7 22 7
23 7 24 7 25 7 7 7 7 7
7 7 7 7 7 7 7 7 2 1
23 7 10 7 11 7 3 3 26 7
7 7 24 7 7 7 1 7 26 7
10 7 12 7 14 7 25 7 22 7
7 7 7 7 7 7 7 7 7 7
2 1 4 1 7 7 7 7 7 7
7 7 7 7 7 7 3 1 6 1
7 7 5 1 7 7 2 1 7 7
7 7 27 7 7 7 48 1 2 1
4 1 6 1 8 1 10 1 20 1
7 7 28 7 29 7 7 7 2 1
2 3 2 1 7 7 2 3 13 7
4 3 5 3 2 1 30 7 4 1
4 3 7 7 7 7 4 1 7 7
9 7 31 7 32 7 36 1 40 1
42 1 54 1 7 7 7 7 7 7
33 7 34 7 2 1 2 1 35 7
36 7 7 7 7 7 7 7 7 7
7 7 7 7 7 7 7 7 2 1
7 7 7 7 7 7 7 7 7 7
37 7 38 7 7 7 39 7 7 7
39 7 7 7 2 1 2 1 12 1
14 1 24 1 26 1 32 1 40 7
41 7 42 7 43 7 44 7 7 7
7 7 7 7 22 3 7 7 7 7
7 7 7 7 7 7 7 7 7 7
7 7 7 7 7 7 16 7 17 7
45 7 46 7 7 7 7 7 7 7
47 7 48 7 49 7 50 7 51 7
52 7 53 7 54 7 2 1 55 7
56 7 57 7 7 7 7 7 58 7
7 7 7 7 7 7 13 7 8 7
7 7 7 7 59 7 60 7 9 7
13 7 61 7 62 7 58 1 63 7
64 7 65 7 66 7 8 7 7 7
7 7 2 7 7 7 18 7 16 7
17 7 5 3 5 1 67 7 68 7
69 7 70 7 71 7 72 7 7 7
7 7 50 1 73 7 74 7 73 7
74 7 2 1 73 7 12 7 2 1
4 1 75 7 76 7 77 7 78 7
5 1 7 7 7 7 19 7 20 7
79 7 80 7 81 7 82 7 -3 2
0 0 2 2 1 0 2 1 2 0
7 4 3 1 7 2 4 1 7 3
10 2 7 6 24 2 7 3 0 4
4 4 27 6 7 3 0 12 7 5
36 14 7 6 0 16 7 6 46 19
7 3 0 19 2 2 47 21 2 7
48 21 7 8 53 21 7 9 66 30
7 13 67 30 7 2 68 30 2 2
69 30 7 2 70 40 2 9 0 40
7 2 71 42 2 10 72 42 7 2
76 44 2 2 77 44 2 7 78 44
7 6 0 44 7 11 0 47 7 11
0 49 7 3 0 51 2 2 80 52
2 6 0 52 7 12 81 54 7 9
0 54 7 13 84 56 7 14 115 56
7 6 116 60 7 4 118 64 2 3
0 64 4 2 120 66 2 15 0 66
7 15 0 68 7 14 121 71 7 15
0 73 7 8 122 75 7 5 123 77
7 7 129 81 7 2 133 81 2 3
134 81 2 3 0 82 2 3 0 83
2 2 135 84 2 7 136 84 7 4
138 84 2 4 140 84 2 7 142 84
7 4 146 85 2 2 148 85 7 7
149 86 7 7 150 86 7 16 152 88
7 5 154 89 7 3 0 89 2 3
0 90 2 7 157 91 7 2 159 91
2 3 0 91 7 5 160 93 7 9
0 93 7 6 164 98 2 3 0 98
4 7 167 100 7 10 170 101 7 4
172 102 2 2 175 102 7 7 176 103
7 3 178 103 2 2 183 104 2 8
184 104 7 2 185 108 2 3 0 108
2 7 186 109 7 3 0 109 2 2
187 111 2 5 0 111 7 2 188 113
2 7 189 113 7 2 190 113 2 2
191 113 2 2 192 113 2 4 0 113
7 17 193 115 7 18 194 116 7 2
196 117 2 14 0 117 7 18 0 119
7 2 197 122 2 3 0 122 2 10
198 123 7 2 199 125 2 17 200 125
7 3 0 125 4 9 0 127 7 2
202 129 2 7 203 129 7 7 204 129
7 7 205 129 7 7 207 129 7 5
208 129 7 7 210 129 7 19 211 129
7 2 213 129 2 10 214 129 7 7
215 130 7 14 0 130 7 12 216 132
7 2 218 132 2 3 0 132 2 7
219 133 7 7 220 133 7 19 222 133
7 7 224 133 7 -4 1 2 3 4
5 5 6 7 7 7 8 9 9 10
10 11 10 11 3 8 11 10 11 11
5 5 5 12 13 13 5 14 14 14
14 15 16 5 5 5 17 17 18 19
20 21 22 23 24 24 24 24 24 25
26 5 27 5 5 5 12 25 5 23
23 23 28 29 30 31 30 23 13 13
13 13 23 23 32 5 33 34 35 36
37 38 39 40 41 42 42 43 44 42
42 42 42 45 46 42 47 42 48 42
42 49 42 50 51 52 53 54 55 53
51 56 5 56 1 1 57 58 5 5
5 5 5 5 5 59 59 59 59 60
61 62 61 61 63 63 64 64 61 61
61 61 65 65 66 66 61 67 10 3
68 68 68 69 12 5 5 70 5 5
71 72 73 64 74 64 75 76 75 75
76 33 33 33 77 78 78 78 77 5
26 79 80 23 24 29 81 82 81 83
12 15 79 23 5 5 84 85 86 28
87 88 88 22 5 89 61 5 5 61
5 87 90 90 22 5 5 5 91 91
29 5 5 59 92 93 12 94 95 69
96 97 59 98 69 12 12 99 15 99
100 12 93 97 12 59 12 101 59 96
12 93 88 88 88 102 87 25 103 87
104 87 105 105 105 105 105 32 32 32
32 5 5 88 87 106 106 36 87 107
87 107 87 105 105 105 87 87 87 108
109 32 109 110 111 111 109 5 108 112
112 63 111 111 113 111 32 29 5 70
114 32 88 88 88 88 88 88 88 5
87 115 116 29 36 29 117 35 118 119
120 80 88 72 73 121 117 122 123 105
87 88 88 88 88 88 95 5 5 88
88 124 125 126 87 127 128 32 129 128
32 128 32 71 32 32 32 32 32 113
87 107 130 107 87 5 131 132 88 88
88 88 88 88 88 133 88 87 5 5
5 134 5 5 5 103 32 135 136 129
135 5 105 105 87 87 32 32 32 137
88 138 138 139 87 87 87 140 88 87
87 88 141 87 32 26 5 87 87 142
107 87 138 32 32 143 138 88 87 139
138 22 93 144 144 145 5 146 32 32
147 142 87 88 138 138 138 87 32 32
88 148 148 88 88 149 150 150 151 151
87 87 87 87 152 32 153 105 105 87
87 87 87 -5 1 2 2 3 4 5
6 7 8 9 10 11 12 13 14 15
16 17 18 19 19 20 21 22 23 24
25 6 26 27 28 6 29 30 31 8
32 33 34 35 36 37 38 39 40 41
42 43 27 6 44 45 46 47 48 49
50 51 52 53 54 55 56 57 58 17
59 60 61 62 63 64 6 65 64 66
61 67 68 46 69 70 71 46 64 72
64 73 64 74 75 76 64 77 -6 0
1 2 3 4 5 6 7 8 9 10
11 12 13 14 15 16 17 18 19 20
21 22 23 24 25 26 29 30 31 32
33 34 35 36 37 38 39 40 43 44
45 46 47 48 49 50 52 53 54 55
56 57 58 60 61 62 63 64 65 66
67 68 69 70 71 72 73 74 75 76
77 -8 0 1 2 3 4 6 7 8
9 10 11 12 13 14 15 16 17 18
19 20 21 22 23 24 25 26 29 30
31 32 33 34 35 36 37 38 39 40
43 44 45 46 47 48 49 50 52 53
54 55 56 57 58 60 61 62 63 64
65 66 67 68 69 70 71 72 73 74
75 76 77 -8 0 2 3 5 8 9
10 11 12 14 16 19 20 22 24 25
27 28 30 31 33 34 35 37 39 40
41 43 44 45 46 47 49 51 52 53
54 55 56 57 58 59 60 61 62 63
64 65 66 67 68 69 70 71 72 73
74 75 76 77 -8 0 1 2 3 4
5 6 7 8 9 10 11 12 13 14
15 16 17 18 19 21 22 23 24 25
26 27 28 29 30 31 32 33 34 35
36 37 38 39 40 41 42 43 44 45
46 47 48 49 50 51 52 53 54 55
56 57 58 59 60 61 63 64 65 67
68 69 70 72 73 74 75 76 77 -8
0 1 2 3 4 5 6 7 8 9
10 11 12 13 14 15 16 17 18 19
20 21 22 23 24 25 26 27 28 29
30 31 32 33 34 35 36 37 38 39
40 41 42 43 44 45 46 47 48 49
50 51 52 53 54 55 56 57 58 59
60 61 62 63 64 65 66 67 68 69
70 72 73 74 75 76 77 -8 0 1
2 3 4 5 6 7 8 9 10 11
12 13 14 15 16 17 18 19 21 22
23 24 25 26 27 28 29 30 31 32
33 34 35 36 37 38 39 40 41 42
43 44 45 46 47 48 49 50 51 52
53 54 55 56 57 58 59 60 61 62
63 64 65 66 67 68 69 70 72 73
74 75 76 77 -8 0 1 2 3 4
5 6 7 8 9 10 11 12 13 14
15 16 17 18 19 20 21 22 23 24
25 26 27 28 29 30 31 32 33 34
35 36 37 38 39 40 41 42 43 44
45 46 47 49 50 51 52 53 54 55
56 57 58 59 60 61 62 63 64 65
66 67 68 69 70 71 72 73 74 75
76 77 -8 0 2 3 5 8 9 10
11 12 14 16 19 20 24 25 27 28
30 31 33 34 35 37 38 39 40 41
43 44 45 46 47 49 51 52 53 54
55 56 57 58 59 60 61 62 63 64
65 66 67 68 69 70 71 72 73 74
75 76 77 -8 0 2 3 5 8 9
10 11 12 14 16 19 20 21 22 24
25 27 28 30 31 33 34 35 37 38
39 40 41 43 44 45 46 47 49 51
52 53 54 55 56 57 59 60 61 62
63 64 65 66 67 68 69 70 71 72
73 74 75 76 77 -8 0 2 3 5
8 9 10 11 12 14 16 19 20 21
22 24 25 27 28 30 31 33 34 35
37 38 39 40 41 43 44 45 46 47
49 51 52 53 54 55 56 57 58 59
60 61 62 63 64 65 66 67 68 69
70 71 72 73 74 75 76 77 -8 0
2 3 5 8 9 10 11 12 14 16
19 20 21 22 24 27 28 30 31 33
34 35 37 38 39 40 41 43 44 45
46 47 49 51 52 53 54 55 56 57
58 59 60 61 62 63 64 65 66 67
68 69 70 71 72 73 74 75 76 77
-8 0 1 2 3 4 5 6 7 8
9 10 11 12 13 14 15 16 17 18
19 20 21 22 23 24 25 26 27 28
29 30 32 33 34 35 36 37 38 39
40 41 42 43 44 45 46 47 48 49
50 51 52 53 54 55 56 57 58 59
60 61 62 63 64 65 66 67 68 69
70 71 72 73 74 75 76 77 -8 0
1 2 3 4 5 6 7 8 9 10
11 12 13 14 15 16 17 18 19 20
21 22 23 24 25 26 27 28 29 30
31 32 33 34 35 36 37 38 39 40
41 42 43 44 45 46 47 48 49 50
51 52 53 54 55 56 57 58 59 60
61 62 63 64 65 66 67 68 69 70
72 73 74 76 77 -8 0 1 2 3
4 5 6 7 8 9 10 11 12 13
14 15 16 17 18 19 20 21 22 23
24 25 26 27 28 29 30 31 32 33
34 35 36 37 38 39 40 41 42 43
44 45 46 47 48 49 50 51 52 53
54 55 56 57 58 59 60 61 62 63
64 65 66 67 68 69 72 73 74 76
77 -8 0 1 2 3 4 5 6 7
8 9 10 11 12 13 14 15 16 17
18 19 20 21 22 23 24 25 26 27
28 29 30 32 33 34 35 36 37 38
39 40 41 42 43 44 45 46 48 49
50 51 52 53 54 55 56 57 58 59
60 61 62 63 64 65 66 67 68 69
70 72 73 74 75 76 77 -8 0 1
2 3 4 5 6 7 8 9 10 11
12 13 14 15 16 17 18 19 20 21
22 23 24 25 26 27 28 29 30 31
32 33 34 35 36 37 38 39 40 41
42 43 45 46 47 48 49 50 51 52
53 54 55 56 57 58 59 60 61 62
63 64 65 66 67 68 69 70 71 72
73 74 75 76 77 -8 0 1 2 3
4 5 6 7 8 9 11 12 13 14
15 16 17 18 19 20 21 22 23 24
25 26 27 28 29 30 33 34 35 36
37 39 40 41 42 43 45 46 48 49
50 51 52 53 54 56 57 58 59 61
62 63 64 65 66 67 68 69 73 74
76 -8 0 1 2 3 4 5 6 7
8 9 10 11 12 13 14 15 16 17
18 19 20 21 22 23 24 25 26 27
28 29 30 31 32 33 34 35 36 37
38 39 40 41 42 43 44 45 46 47
48 49 50 51 52 53 54 55 56 57
58 59 60 61 62 64 65 66 68 69
70 71 72 73 74 75 76 -8 0 1
2 3 4 5 6 7 8 9 10 11
12 13 14 15 16 17 18 19 20 21
22 23 24 25 26 27 28 29 30 31
32 33 34 35 36 37 38 39 40 41
42 43 44 45 46 47 48 49 50 51
52 53 54 55 56 57 58 59 60 61
62 64 65 66 67 68 69 70 71 72
73 74 75 76 77 -8 0 1 2 3
4 5 6 7 8 9 11 12 13 14
15 16 17 18 19 20 21 22 23 24
25 26 27 28 29 31 32 33 34 36
37 39 40 41 42 43 44 45 46 47
48 49 50 51 52 53 54 55 56 57
58 59 61 62 65 66 68 69 71 73
74 75 76 -8 0 1 2 3 4 5
6 7 8 9 11 12 13 14 15 16
17 18 19 20 21 22 23 24 25 26
27 28 29 33 34 36 37 39 40 41
42 43 44 45 46 47 48 49 50 51
52 53 54 56 57 58 59 61 62 63
65 66 67 68 69 73 74 75 76 -8
0 5 6 7 8 9 10 11 12 13
14 15 16 17 18 19 20 21 22 23
24 25 26 27 28 29 30 31 32 33
35 37 38 39 40 41 42 43 44 45
46 47 48 49 50 51 52 53 54 55
56 57 58 59 60 61 62 63 64 65
67 68 69 70 71 72 73 74 75 76
77 -8 0 1 2 3 4 5 6 7
8 9 10 11 12 13 14 15 16 17
18 19 20 21 22 23 24 25 26 27
28 29 30 31 32 33 34 35 36 37
38 39 40 41 42 43 44 45 46 47
48 49 50 51 52 53 54 55 56 57
58 59 60 61 62 63 64 65 66 67
68 69 71 73 74 75 76 77 -8 0
1 2 3 4 5 6 7 8 9 10
11 12 13 14 15 16 17 18 19 20
21 22 23 24 25 26 27 28 29 30
31 32 33 34 35 36 37 38 39 40
41 42 43 44 45 46 47 48 49 50
51 52 53 54 55 56 57 58 59 60
61 62 63 64 65 66 68 69 70 71
72 73 74 75 76 -8 0 1 2 3
4 5 6 7 8 9 10 11 12 13
14 15 16 17 18 19 20 21 22 23
24 25 26 27 28 29 30 31 32 33
34 35 36 37 38 39 40 41 42 43
44 45 46 47 48 49 50 51 52 53
54 56 57 58 59 60 61 62 63 64
65 66 67 68 69 70 71 72 73 74
75 76 77 -8 0 1 2 3 4 5
6 7 8 9 10 11 12 13 14 15
16 17 18 19 20 21 22 23 24 25
26 27 28 29 30 31 32 33 34 35
36 37 38 39 40 41 42 43 44 45
46 47 48 49 50 51 52 53 54 55
56 57 58 59 60 61 62 63 64 65
66 67 68 69 71 72 73 74 75 76
77 -8 0 1 2 3 4 5 6 7
8 9 10 11 12 13 14 15 16 17
18 19 20 21 22 23 24 25 26 27
28 29 30 31 32 33 34 35 36 37
38 39 40 41 42 43 44 45 46 47
48 49 50 51 52 53 54 55 56 57
58 59 60 61 62 63 64 65 66 67
68 69 70 71 72 73 74 75 76 -8
0 2 3 5 6 7 8 9 10 11
12 13 14 15 16 17 18 19 20 21
22 24 25 26 27 28 29 30 31 32
33 34 35 36 37 38 39 40 41 42
43 44 45 46 47 48 49 50 51 52
53 54 55 56 57 58 59 60 61 62
63 64 65 66 67 68 69 70 71 72
73 74 75 76 77 -8 0 1 2 3
4 5 6 7 8 9 10 11 12 13
14 15 16 17 18 19 20 21 22 24
25 26 27 28 29 30 31 32 33 34
35 36 37 38 39 40 41 42 43 44
45 46 47 48 49 50 51 52 53 54
55 56 57 59 60 61 62 63 64 65
66 67 68 69 70 71 72 73 74 75
76 77 -8 0 1 2 3 4 5 6
7 8 9 11 12 13 14 15 16 17
18 19 20 21 22 23 24 25 26 27
28 29 30 33 34 35 36 37 38 39
40 41 42 43 44 45 46 47 48 49
50 51 52 53 54 56 57 58 59 60
61 62 63 64 65 66 67 68 69 73
74 75 76 -8 0 1 2 3 4 5
6 7 8 9 11 12 13 14 15 16
17 18 19 20 21 22 23 24 25 26
27 28 29 30 33 34 35 36 37 39
40 41 42 43 44 45 46 47 48 49
50 51 52 53 54 56 57 58 59 61
62 63 64 65 66 67 68 69 73 74
75 76 -8 0 2 3 4 5 6 7
8 9 10 11 12 13 14 15 16 17
18 19 20 21 22 23 24 25 26 27
28 29 30 31 32 33 34 35 36 37
38 39 40 41 42 43 44 45 46 47
48 49 50 51 52 53 54 55 56 57
58 59 60 61 62 63 64 65 66 67
68 69 70 71 72 73 74 75 76 77
-8 0 1 2 3 4 5 6 7 8
9 10 11 12 14 15 16 17 18 19
20 21 22 24 25 26 29 30 31 32
33 34 35 36 37 38 39 40 43 44
45 46 47 48 49 50 51 52 54 55
56 57 58 59 60 61 62 63 64 65
66 67 68 69 70 71 72 73 74 75
76 77 -8 0 2 3 5 6 7 8
9 10 11 12 13 14 15 16 17 18
19 20 21 22 23 24 25 26 27 28
29 30 31 32 33 34 35 36 37 38
39 40 41 42 43 44 45 46 47 48
49 50 51 52 53 54 55 56 57 58
59 60 61 62 63 64 66 67 68 69
70 71 72 73 74 75 76 77 -8 0
2 3 4 5 6 7 8 9 10 11
12 14 15 16 17 18 19 20 21 22
23 24 25 29 30 31 32 33 34 35
36 37 38 39 40 43 44 45 46 47
48 49 50 54 55 58 59 60 61 62
63 64 65 66 67 68 69 70 71 72
73 74 75 76 77 -8 0 2 3 4
5 6 7 8 9 10 11 12 14 15
16 17 18 19 20 21 22 23 24 25
29 30 31 32 33 34 35 36 37 38
39 40 43 44 45 46 47 48 49 50
51 54 55 58 59 60 61 62 63 64
65 66 67 68 69 70 71 72 73 74
75 76 77 -8 0 1 2 3 4 5
6 7 8 9 10 11 12 13 14 15
16 17 18 19 20 21 22 23 24 25
26 27 28 29 30 32 33 34 35 36
37 38 39 40 41 42 43 44 45 46
47 48 49 50 51 52 53 54 55 56
57 58 59 60 61 63 64 65 67 68
69 70 71 72 73 74 75 77 -8 0
1 2 3 4 5 6 7 8 9 10
11 12 13 14 15 16 17 18 19 20
21 22 23 24 25 26 27 28 29 30
31 32 33 34 35 36 37 38 39 40
41 42 43 45 46 47 48 49 50 51
52 53 54 55 56 57 58 59 60 61
63 64 65 67 68 69 70 71 72 73
74 75 77 -8 0 1 2 3 4 5
6 7 8 9 10 11 13 14 15 16
17 18 19 20 21 22 23 24 25 26
27 28 29 30 31 32 33 34 35 36
37 38 39 40 41 42 43 44 45 46
47 48 49 50 51 52 53 54 55 56
57 58 59 60 61 63 64 65 67 68
69 70 71 72 73 74 75 77 -8 0
1 2 3 4 5 6 7 8 9 10
11 12 13 14 15 16 17 18 19 20
21 22 23 24 25 26 27 28 29 30
31 32 33 34 35 36 37 38 39 40
41 42 43 44 45 46 47 48 49 50
51 52 53 54 55 56 57 58 59 60
61 63 64 65 68 69 70 71 72 73
74 75 -8 0 1 2 3 4 5 6
7 8 9 10 11 12 13 14 15 16
17 18 19 20 21 22 23 24 25 26
27 28 29 30 31 34 35 36 37 38
39 40 41 42 43 45 47 48 49 50
51 52 53 54 55 56 57 58 59 60
64 65 67 71 73 74 75 77 -8 0
1 2 3 4 5 6 7 8 9 10
11 12 13 14 15 16 17 18 19 20
21 22 23 24 25 26 27 28 29 30
31 32 33 34 35 36 37 38 39 40
41 42 43 44 45 46 47 48 49 50
51 52 53 54 55 56 57 58 59 60
61 63 64 65 67 68 69 70 72 73
74 75 77 -8 0 1 2 3 4 5
6 7 8 9 10 11 12 13 14 15
16 17 18 19 20 21 22 23 24 25
26 27 28 29 30 31 32 34 35 36
37 38 39 40 41 42 43 45 47 48
49 50 51 52 53 54 55 56 57 58
59 60 64 65 67 71 73 74 75 77
-8 0 1 2 3 4 5 6 7 8
9 10 11 12 13 14 15 16 17 18
19 20 21 22 23 24 25 26 27 28
29 30 31 32 33 34 35 36 37 38
39 40 41 42 43 44 45 46 47 48
49 50 51 52 53 54 55 56 57 59
60 61 63 64 65 67 68 69 70 72
73 74 75 77 -8 0 1 2 3 4
5 6 7 8 9 11 12 13 14 15
16 17 18 20 21 22 23 24 25 26
27 28 29 31 32 34 36 37 39 40
41 42 43 45 47 48 49 50 51 52
53 54 55 56 57 58 59 63 65 67
71 73 74 75 77 -8 0 1 2 3
4 5 6 7 8 9 10 11 12 13
14 15 16 17 18 19 20 21 22 23
24 25 26 27 28 29 30 31 32 33
34 35 36 37 38 39 40 41 42 43
44 45 46 47 48 49 50 51 52 53
54 55 56 57 58 59 60 61 63 64
65 67 68 69 70 72 73 74 77 -8
0 1 2 3 4 5 6 7 8 9
10 11 12 13 14 15 16 17 18 20
21 22 23 24 25 26 27 28 29 30
31 32 33 34 35 36 37 38 39 40
41 42 43 45 46 48 49 50 51 52
53 54 55 56 57 58 59 60 61 63
64 65 67 68 69 70 72 73 74 77
-8 0 1 2 3 4 5 6 7 8
9 10 11 12 13 14 15 16 17 18
20 21 22 23 24 25 26 27 28 29
30 32 33 34 35 36 37 38 39 40
41 42 43 45 46 48 49 50 51 52
53 54 55 56 57 58 59 60 61 63
64 65 67 68 69 72 73 74 77 -8
0 1 2 3 4 5 6 7 8 9
11 12 13 14 15 16 17 18 20 21
22 23 24 25 26 27 28 29 30 34
35 36 37 39 40 41 42 43 45 47
48 49 50 51 52 53 54 56 57 58
59 64 65 67 73 74 75 -8 0 1
2 3 4 5 6 7 8 9 10 11
12 13 14 15 16 17 18 19 20 21
22 23 24 25 26 27 28 29 30 31
32 33 34 35 36 37 38 39 40 41
42 43 44 45 46 47 48 49 50 51
52 53 54 55 56 58 59 60 61 63
64 65 67 68 69 70 71 72 73 74
75 77 -8 0 1 2 3 4 5 6
7 8 9 10 11 12 13 14 15 16
17 18 19 20 21 22 23 24 25 26
27 28 29 30 31 32 33 34 35 36
37 38 39 40 41 42 43 44 45 46
47 48 49 50 51 52 53 54 55 56
57 58 59 60 61 63 64 65 67 68
69 70 73 74 75 77 -8 0 1 2
3 4 5 6 7 8 9 11 12 13
14 15 16 17 18 20 21 22 23 24
25 26 27 28 29 31 32 34 36 37
39 40 41 42 43 45 47 48 49 50
51 52 53 54 55 56 57 58 59 65
71 73 74 75 -8 0 1 2 3 4
5 6 7 8 9 11 12 13 14 15
16 17 18 19 20 21 22 23 24 25
26 27 28 29 34 36 37 39 40 41
42 43 45 48 49 50 51 52 53 54
56 57 58 59 65 73 74 -8 0 1
2 3 4 5 6 7 8 9 11 12
13  14  15  16  17  18  19  20  21  22
23  24  25  26  27  28  29  31  32  34
36  37  39  40  41  42  43  45  47  48
49  50  51  52  53  54  55  56  57  58
59  65  71  73  74  75  -8  0  1  2
3  4  5  6  7  8  9  10  11  12
13  14  15  16  17  18  19  20  21  22
23  24  25  26  27  28  29  30  31  32
33  34  35  36  37  38  39  40  41  42
43  44  45  46  47  48  49  50  51  52
53  54  55  56  57  58  59  60  61  63
64  65  67  68  69  71  72  73  74  75
77  -8  0  1  2  3  4  5  6  7
8  9  10  11  12  13  14  15  16  17
18  19  20  21  22  23  24  25  26  27
28  29  30  31  32  33  34  35  36  37
38  39  40  41  42  43  44  45  46  47
48  49  50  51  52  53  54  55  56  57
58  59  60  61  62  63  64  65  66  68
69  71  73  74  75  76  -8  0  1  2
3  4  5  6  7  8  9  10  11  12
13  14  15  16  17  18  19  20  21  22
23  24  25  26  29  30  31  32  33  34
35  36  37  38  39  40  42  43  44  45
46  47  48  49  50  52  53  54  55  56
57  58  60  61  62  63  64  65  66  67
68  69  70  71  72  73  74  75  76  77
-8  0  1  2  3  4  5  6  7  8
9  10  11  12  13  14  15  16  17  18
19  20  21  22  23  24  25  26  27  28
29  30  31  32  33  34  35  36  37  38
39  40  41  42  43  44  45  46  47  48
49  50  51  52  53  54  55  56  57  58
59  60  61  62  63  64  65  66  67  68
69  70  71  73  74  75  76  77  -8  0
1  2  3  4  5  6  7  8  9  10
11  12  13  14  15  16  17  18  19  20
21  22  23  24  25  26  27  28  29  30
31  32  33  34  35  36  37  38  39  40
41  42  43  44  45  46  47  48  49  50
51  52  53  54  55  56  57  58  59  60
61  62  63  64  65  66  67  68  69  70
71  73  75  76  77  -8  0  2  3  4
5  6  7  8  9  10  11  12  13  14
16  17  18  19  20  21  22  24  25  26
27  28  29  30  31  32  33  34  35  36
37  38  39  40  41  42  43  44  45  46
47  48  49  50  51  52  53  54  55  56
57  59  60  61  62  63  64  65  66  67
68  69  70  71  72  73  74  75  76  77
-8  0  1  2  3  4  5  6  7  8
9  10  11  12  13  14  15  16  17  18
19  20  21  22  24  25  26  27  28  29
30  31  32  33  34  35  36  37  38  39
40  41  42  43  44  45  46  47  48  49
50  51  52  53  54  55  56  57  58  59
60  61  62  63  64  65  66  67  68  69
70  71  72  73  74  75  76  77  -8  0
1  2  3  4  5  6  7  8  9  10
11  12  13  14  15  16  17  18  19  20
24  25  26  27  28  29  30  31  32  33
34  35  36  37  38  39  40  41  42  43
44  45  46  47  48  49  50  51  52  53
54  55  56  57  58  59  60  61  62  63
64  65  66  67  68  69  70  71  72  73
74  75  76  77  -8  0  1  2  3  4
5  6  7  8  9  10  11  12  13  14
15  16  17  18  19  20  21  22  23  24
25  26  27  28  29  30  31  33  34  35
36  37  38  39  40  41  42  43  44  45
46  47  48  49  50  51  52  53  54  55
56  57  58  59  60  61  62  63  64  65
66  67  68  69  70  71  72  73  74  75
76  77  -8  0  1  2  3  4  5  6
7  8  9  10  11  12  14  15  16  17
18  19  20  21  22  23  24  25  26  27
28  29  30  31  32  33  34  35  36  37
38  39  40  41  42  43  44  45  46  47
48  49  50  51  52  53  54  55  56  57
58  59  60  61  62  63  64  65  66  67
68  69  70  71  72  73  74  75  76  77
-8  0  1  2  3  4  5  6  8  9
10  11  12  13  14  15  16  17  19  20
21  22  23  24  25  26  27  28  29  30
31  32  33  34  35  36  37  38  39  40
41  42  43  44  45  46  47  48  49  50
51  52  53  55  56  57  58  59  60  61
62  63  64  65  66  67  68  69  70  71
72  73  74  75  76  77  -8  0  1  2
3  4  5  6  7  8  9  10  11  12
13  14  15  16  17  18  19  20  22  24
25  26  27  28  29  30  31  32  33  34
35  36  37  39  40  41  42  43  44  45
46  47  48  49  50  51  52  53  54  55
56  57  58  59  60  61  62  63  64  65
66  67  68  69  70  71  72  73  74  75
76  77  -8  0  1  2  3  4  5  6
7  8  9  10  11  12  13  14  15  16
17  18  19  20  22  23  24  25  26  27
28  29  30  31  32  33  34  35  36  37
39  40  41  42  43  44  45  46  47  48
49  50  51  52  53  54  55  56  57  58
59  60  61  62  63  64  65  66  67  68
69  70  71  72  73  74  75  76  77  -8
0  1  2  3  4  5  6  7  8  9
10  11  12  13  14  15  16  17  18  19
20  21  22  23  24  25  26  27  28  29
30  31  32  33  34  35  36  37  38  39
40  41  42  43  44  45  46  47  48  49
50  51  52  53  54  55  56  57  58  59
60  61  62  63  64  65  66  67  68  69
70  73  74  75  76  77  -8  0  1  2
3  4  5  6  7  8  9  10  11  12
13  14  15  16  17  18  19  20  21  22
23  24  25  26  27  28  29  30  32  33
34  35  36  37  38  39  40  41  42  43
44  45  46  47  48  49  50  51  52  53
54  55  56  57  58  59  60  61  62  63
64  65  66  67  68  69  70  72  73  74
75  76  77  -8  0  1  2  3  4  5
6  7  8  9  10  11  12  13  14  15
16  17  18  19  20  21  22  23  24  25
26  27  28  29  30  31  32  33  34  35
36  37  38  39  40  41  42  43  44  45
46  48  49  50  51  52  53  54  55  56
57  58  59  60  61  62  63  64  65  66
67  68  69  70  72  73  74  75  76  77
-8  0  2  3  4  5  6  7  8  9
10  11  12  13  14  15  16  17  18  19
20  21  22  24  25  29  30  31  32  33
34  35  36  37  38  39  40  43  44  45
46  47  48  49  50  51  54  55  58  59
60  61  62  63  64  65  66  67  68  69
70  71  72  73  74  75  76  77  -8  0
2  3  4  5  6  7  8  9  10  11
12  13  14  15  16  17  18  19  20  21
22  24  25  26  29  30  31  32  33  34
35  36  37  38  39  40  44  45  46  47
48  49  50  51  54  55  58  59  60  61
62  63  64  65  66  67  68  69  70  71
72  73  74  75  76  77  -8  0  2  3
4  5  6  7  8  9  10  11  12  14
15  16  17  18  19  20  21  22  24  25
29  30  31  32  33  34  35  36  37  38
39  40  43  44  45  46  47  48  49  50
51  54  55  58  59  60  61  62  63  64
65  66  67  68  69  70  71  72  73  74
75  76  77  -8  0  1  2  3  4  5
6  7  8  9  10  11  12  14  15  16
17  18  19  20  21  22  24  25  26  27
28  29  30  31  32  33  34  35  36  37
38  39  40  41  42  43  44  45  46  47
48  49  50  51  52  53  54  55  56  57
58  59  60  61  62  63  64  65  66  67
68  69  70  71  72  73  74  75  76  77
-8  0  1  2  3  4  5  6  7  8
9  10  11  12  13  14  15  16  17  18
19  20  21  22  24  25  27  28  29  30
31  32  33  34  35  36  37  38  39  40
41  43  44  45  46  47  48  49  50  51
52  53  54  55  56  57  58  59  60  61
62  63  64  65  66  67  68  69  70  71
72  73  74  75  76  77  -8  0  1  2
3  4  5  6  7  8  9  10  11  12
14  15  16  17  18  19  20  21  22  24
25  29  30  31  32  33  34  35  36  37
38  39  40  43  44  45  46  47  48  49
50  51  52  54  55  56  57  58  59  60
61  62  63  64  65  66  67  68  69  70
71  72  73  74  75  76  77  -8  0  1
2  3  4  5  6  7  8  9  10  11
12  13  14  15  16  17  18  19  20  21
22  23  24  25  26  27  28  29  30  32
33  34  35  36  37  38  39  40  41  42
43  44  45  46  47  49  50  51  52  53
54  55  56  57  58  59  60  61  62  63
64  65  67  68  69  70  71  72  73  74
75  76  77  -8  0  1  2  3  4  5
6  7  8  9  10  11  12  13  14  15
16  17  18  19  20  21  22  23  24  25
26  27  28  29  30  31  32  33  34  35
36  37  38  39  40  41  42  43  44  45
46  47  49  50  51  52  53  54  55  56
57  58  59  60  61  62  63  64  65  67
68  69  70  71  72  73  74  75  76  77
-8  0  1  2  3  4  5  6  7  8
9  10  11  12  13  14  15  16  17  18
19  20  21  22  23  24  25  26  27  28
29  30  31  32  33  34  35  36  37  38
39  40  41  42  43  44  45  46  47  48
49  50  51  52  53  54  55  56  57  58
59  60  61  62  63  64  65  66  67  68
69  72  73  74  75  76  77  -8  0  1
2  3  4  5  6  7  8  9  10  11
12  13  14  15  16  17  18  19  20  21
22  25  27  28  29  30  31  32  33  34
35  36  37  38  39  40  41  43  44  45
46  47  48  49  50  51  52  53  54  55
56  57  58  59  60  61  62  63  64  65
66  67  68  69  70  71  72  73  74  75
76  77  -8  0  1  2  3  4  5  6
7  8  9  10  11  12  13  14  15  16
17  18  19  20  21  22  23  24  25  26
27  28  29  30  33  34  35  36  37  39
40  41  42  43  44  45  46  47  48  49
50  51  52  53  54  56  57  58  59  60
61  62  63  64  65  66  67  68  69  73
74  75  76  -8  0  1  2  3  4  5
6  7  8  9  10  11  12  13  14  15
16  17  18  19  20  21  22  23  24  25
26  27  28  29  30  33  34  35  36  37
38  39  40  41  42  43  44  45  46  47
48  49  50  51  52  53  54  56  57  58
59  61  62  63  64  65  66  67  68  69
73  74  75  76  -8  0  1  2  3  4
5  6  7  8  9  11  12  13  14  15
16  17  18  19  20  21  22  23  24  25
26  27  28  29  34  36  37  39  40  41
42  43  45  48  49  50  51  52  53  54
56  57  58  59  62  65  66  73  74  76
-8  0  2  3  4  5  6  7  8  9
10  11  12  13  14  15  16  17  18  19
20  21  22  23  24  25  26  27  28  29
30  31  32  33  34  35  36  37  38  39
40  42  43  44  45  46  47  48  49  50
51  52  53  54  55  57  58  60  61  62
63  64  65  66  67  68  69  70  71  72
73  74  75  76  77  -8  0  2  3  4
5  6  7  8  9  10  11  12  13  14
15  16  17  18  19  20  21  22  23  24
25  26  28  29  30  31  32  33  34  35
36  37  38  39  40  42  43  44  45  46
47  48  49  50  51  52  53  54  55  57
58  60  61  62  63  64  65  66  67  68
69  70  71  72  73  74  75  76  77  -8
0  2  3  5  8  9  10  11  12  14
16  19  20  21  22  23  24  25  27  28
30  31  33  34  35  37  38  39  40  41
42  43  44  45  46  47  49  51  52  53
54  55  56  57  58  59  60  61  62  63
64  65  66  67  68  69  70  71  72  73
74  75  76  77  -8  0  5  6  7  8
9  10  11  12  13  14  15  16  17  18
19  20  21  22  23  24  25  26  27  28
29  30  31  32  33  37  38  39  40  41
42  43  44  45  46  47  48  49  50  51
52  53  54  55  56  57  58  59  60  62
63  64  65  67  68  69  70  71  72  73
74  75  76  77  -8  0  2  3  5  6
7  8  9  10  11  12  13  14  15  16
17  18  19  20  21  22  23  24  25  26
27  28  29  30  31  32  33  34  35  36
37  38  39  40  41  42  43  44  45  46
47  48  49  50  51  52  53  54  55  56
57  58  59  60  61  62  63  64  65  66
67  68  69  70  71  72  73  74  75  76
77  -8  0  1  2  3  4  5  6  7
8  9  10  11  12  13  14  15  16  17
18  19  20  21  22  23  24  25  26  27
28  29  30  31  32  33  34  35  36  37
38  39  40  41  42  43  44  45  46  47
48  49  50  51  52  53  54  55  56  57
59  60  61  62  63  64  65  66  67  68
69  70  72  73  74  75  76  77  -8  0
1  2  3  4  5  6  7  8  9  11
12  13  14  15  16  17  18  19  20  21
22  23  24  25  26  27  28  29  33  34
36  37  39  40  41  42  43  45  46  48
49  50  51  52  53  54  56  57  58  59
62  65  66  69  73  74  76  -8  0  1
2  3  4  5  6  7  8  9  11  12
13  14  15  16  17  18  19  20  21  22
23  24  25  26  27  28  29  34  36  37
39  40  41  42  43  45  48  49  50  51
52  53  54  56  57  58  59  62  65  66
69  73  74  76  -8  0  1  2  3  4
5  6  7  8  9  11  12  13  14  15
16  17  18  19  20  21  22  23  24  25
26  27  28  29  31  32  34  36  37  39
40  41  42  43  45  47  48  49  50  51
52  53  54  55  56  57  58  59  65  67
71  73  75  77  -8  0  1  2  3  4
5  6  7  8  9  10  11  12  13  14
15  16  17  18  19  20  21  22  23  24
25  26  27  28  29  30  31  32  33  34
35  36  37  38  39  40  41  42  43  44
45  46  47  48  49  50  51  52  53  54
55  56  57  58  59  60  61  62  63  64
65  67  68  69  70  72  73  74  75  76
77  -8  0  1  2  3  4  5  6  7
8  9  10  11  12  13  14  15  16  17
18  19  20  21  22  23  24  25  26  27
28  29  30  31  32  33  34  35  36  37
38  39  40  41  42  43  44  45  46  47
48  49  50  51  52  53  54  55  56  57
58  59  60  61  62  63  64  65  66  67
68  69  70  71  72  74  75  76  77  -8
0  1  2  3  4  5  6  7  8  9
10  11  12  13  14  15  16  17  18  19
20  21  22  23  24  25  26  27  28  29
31  32  33  34  35  36  37  38  39  40
41  42  43  44  45  46  47  48  49  50
51  52  53  54  55  56  57  58  59  60
61  62  63  64  65  66  67  68  69  70
71  72  73  74  75  76  77  -8  0  1
2  3  4  5  6  7  8  9  10  11
12  13  14  15  16  17  18  19  20  21
22  23  24  25  26  27  28  29  30  32
33  34  35  36  37  38  39  40  41  42
43  44  45  46  48  49  50  51  52  53
54  55  56  57  58  59  60  61  62  63
64  65  67  68  69  70  72  73  74  75
76  77  -8  0  1  2  3  4  5  6
7  8  9  10  11  12  13  14  15  16
17  18  19  20  21  22  23  24  25  26
27  28  29  30  32  33  34  35  36  37
38  39  40  41  42  43  44  45  46  47
48  49  50  51  52  53  54  55  56  57
58  59  60  61  62  63  64  65  67  68
69  70  71  72  73  74  75  76  77  -8
0  1  2  3  4  5  6  7  8  9
10  11  12  13  14  15  16  17  18  19
20  21  22  23  24  25  26  27  28  29
30  31  32  33  34  35  36  37  38  39
40  41  42  43  44  45  46  47  48  49
50  51  52  53  54  55  56  57  58  59
60  61  63  64  65  67  68  69  70  72
73  77  -8  0  1  2  3  4  5  6
7  8  9  10  11  12  13  14  15  16
17  18  19  20  21  22  23  24  25  26
27  28  29  30  32  33  34  35  36  37
38  39  40  41  42  43  44  45  46  47
48  49  50  51  52  53  54  55  56  57
58  59  60  61  62  63  64  65  67  68
69  70  72  73  74  75  76  77  -8  0
1  2  3  4  5  6  7  8  9  10
11  12  13  14  15  16  17  18  19  20
21  22  23  24  25  26  27  28  29  30
32  33  34  35  36  37  38  39  40  41
42  43  44  45  46  48  49  50  51  52
53  54  55  56  57  58  59  60  61  62
63  64  65  66  67  68  69  70  71  72
73  74  75  76  77  -8  0  1  2  3
4  5  6  7  8  9  11  12  13  14
15  16  17  18  19  20  21  22  23  24
25  26  27  28  29  31  32  34  36  37
39  40  41  42  43  44  45  47  48  49
50  51  52  53  54  55  56  57  58  59
63  65  67  71  73  74  75  -8  0  5
6  7  8  9  10  11  12  13  14  15
16  17  18  19  20  21  22  23  24  25
26  27  28  29  30  31  32  33  37  38
39  40  41  42  43  44  45  46  47  48
49  50  51  52  53  54  56  57  58  59
60  62  63  64  65  67  68  69  70  71
72  73  74  75  76  77  -8  0  1  2
3  4  5  6  7  8  9  10  11  12
13  14  15  16  17  18  19  20  21  22
23  24  25  26  27  28  29  30  31  32
33  34  35  36  37  38  39  40  41  42
43  44  45  46  47  48  49  50  51  52
53  54  55  56  57  58  59  60  61  62
63  64  65  67  68  69  70  71  72  73
74  75  76  77  -8  0  1  2  3  4
5  6  7  8  9  10  11  12  13  14
15  16  17  18  19  20  21  22  23  24
25  26  27  28  29  30  31  32  34  35
36  37  38  39  40  41  42  43  44  45
46  47  48  49  50  51  52  53  54  55
56  57  58  59  60  61  62  63  64  65
66  67  68  69  70  71  72  73  74  75
76  77  -8  0  2  3  5  8  9  10
11  12  14  16  19  20  21  22  23  24
25  27  28  30  31  33  34  35  37  38
39  40  41  43  44  45  46  47  49  51
52  53  54  55  56  57  58  59  60  61
62  63  64  65  66  67  68  69  70  71
72  73  74  75  76  77  -8  0  2  3
5  6  7  8  9  10  12  13  14  15
16  17  18  19  20  21  22  23  24  25
26  27  28  29  30  31  32  33  34  35
36  37  38  39  40  41  42  43  44  45
46  47  48  49  50  51  52  53  54  55
56  57  58  59  60  61  62  63  64  65
66  67  68  69  70  71  72  73  74  76
77  -8  0  1  2  3  4  5  6  7
8  9  10  11  12  13  14  15  16  17
18  19  20  21  22  23  24  25  26  27
28  29  30  31  32  33  34  35  36  37
38  39  40  41  42  43  44  45  46  47
48  49  50  51  52  53  54  55  56  57
58  59  60  61  62  63  64  66  67  68
69  70  71  72  73  74  75  76  77  -8
0  1  2  3  4  5  6  7  8  9
10  11  12  13  14  16  17  18  19  20
21  22  23  24  25  26  27  28  29  30
31  32  33  34  35  36  37  38  39  40
41  42  43  44  45  46  47  48  49  50
51  52  53  54  55  56  57  58  59  60
61  62  63  64  65  66  67  68  69  70
71  72  73  74  75  76  77  -8  0  1
2  3  4  5  6  7  8  9  10  11
12  13  14  15  16  17  18  19  20  21
22  23  24  25  26  27  28  29  30  31
32  33  34  35  36  37  38  39  40  41
42  43  44  45  46  47  48  49  51  52
53  54  55  56  57  58  59  60  61  62
63  64  65  66  67  68  69  70  71  72
73  74  75  76  77  -8  0  1  2  3
4  5  6  7  8  9  10  11  12  13
14  15  16  17  18  19  20  21  22  23
24  25  26  27  28  30  31  32  33  34
35  36  37  38  39  40  41  42  43  44
45  46  47  48  49  50  51  52  53  54
55  56  57  58  59  60  61  62  63  64
65  66  67  68  69  70  71  72  73  74
75  76  77  -8  0  2  3  4  5  6
7  8  9  10  11  12  13  14  15  16
17  18  19  20  21  22  23  24  25  26
27  28  29  30  31  32  33  34  35  36
37  38  39  40  41  42  43  44  45  46
47  48  49  50  51  52  53  54  55  56
57  58  59  60  61  62  63  64  65  66
67  68  69  70  72  73  74  75  76  77
-8  0  1  2  3  4  5  6  7  8
9  10  11  12  13  14  15  16  17  18
19  20  21  22  23  24  25  26  27  28
29  30  31  32  33  34  35  36  37  38
39  40  41  42  43  44  46  47  48  49
50  51  52  53  54  55  56  57  58  59
60  61  62  63  64  65  66  67  68  69
70  71  72  73  74  75  76  77  -8  0
2  3  5  6  7  8  9  10  11  12
13  14  15  16  17  18  19  20  21  22
23  24  25  26  27  28  29  30  31  32
33  34  35  36  37  38  39  40  41  42
43  44  45  46  47  48  49  50  51  52
53  54  55  56  57  58  59  60  61  62
63  64  65  66  67  68  69  70  72  73
74  75  76  77  -8  0  2  3  5  6
7  8  9  10  11  12  13  14  15  16
17  18  19  20  21  22  23  24  25  26
27  28  29  30  31  32  33  34  35  36
37  38  39  40  41  42  43  44  45  46
47  48  49  50  51  52  53  54  55  56
57  59  60  61  62  63  64  65  66  67
68  69  70  72  73  74  75  76  77  -8
0  5  6  7  8  9  10  11  12  13
14  15  16  17  18  19  20  21  22  23
24  25  26  27  28  29  30  31  32  33
37  38  39  40  41  42  43  44  45  46
47  48  50  51  52  53  54  55  56  57
58  59  60  62  63  64  65  67  68  69
70  71  72  73  74  75  76  77  -8  0
2  3  5  6  7  8  9  10  11  12
13  14  15  16  17  18  19  20  21  22
23  24  25  26  27  28  29  30  31  32
33  34  35  36  37  38  39  41  42  43
44  45  46  47  48  49  50  51  52  53
54  55  56  57  58  59  60  61  62  63
64  65  66  67  68  69  70  71  72  73
74  75  76  77  -8  0  1  2  3  4
5  6  7  8  9  10  11  12  13  14
15  16  17  18  19  20  21  22  23  24
25  26  27  28  29  30  31  32  33  35
36  37  38  39  40  41  42  43  44  45
46  47  48  49  50  51  52  53  54  55
56  57  58  59  60  61  62  63  64  65
66  67  68  69  70  71  72  73  74  75
76  77  -8  0  1  2  3  4  5  6
7  9  10  12  13  14  15  16  17  18
20  21  22  23  24  25  26  27  28  29
30  31  32  33  35  36  37  38  39  40
41  42  46  47  48  49  50  51  52  53
54  55  56  57  58  59  60  61  62  63
64  65  67  68  69  70  71  72  73  74
75  76  77  -8  0  2  3  4  5  6
7  8  9  10  11  12  14  15  16  17
18  19  20  21  22  24  25  29  30  31
32  33  34  35  36  37  38  39  40  43
44  45  46  47  48  49  50  54  55  58
59  60  61  62  63  64  65  66  67  68
69  70  71  72  73  74  75  76  77  -8
0  1  2  3  4  5  6  7  9  10
12  13  14  15  16  17  18  20  21  22
23  24  25  26  27  28  29  30  31  32
33  34  35  36  37  38  39  40  41  42
45  46  47  48  49  50  51  52  53  54
55  56  57  58  59  60  61  62  63  64
65  67  68  69  70  71  72  73  74  75
76  77  -8  0  2  3  4  5  6  7
8  9  10  11  12  14  15  16  17  18
19  20  21  22  23  24  25  29  30  31
32  33  35  36  37  38  39  40  43  44
45  46  47  48  49  50  54  55  58  59
60  61  62  63  64  65  66  67  68  69
70  71  72  73  74  75  76  77  -8  0
2  3  4  5  6  7  8  9  10  11
12  13  14  15  16  17  18  19  20  21
22  24  25  26  29  30  31  32  33  35
36  37  38  39  40  44  45  46  47  48
49  50  51  54  55  58  59  60  61  62
63  64  65  66  67  68  69  70  71  72
73  74  75  76  77  -8  0  1  2  3
4  5  6  7  8  9  10  11  12  13
14  15  16  17  18  19  20  21  22  23
24  25  26  27  28  29  30  31  32  33
34  35  36  37  38  39  40  41  42  44
45  46  47  48  49  50  51  52  53  54
55  56  57  58  59  60  61  62  63  64
65  66  67  68  69  70  71  72  73  74
75  76  77  -8  0  1  2  3  4  5
6  8  9  10  11  12  13  14  15  16
17  19  20  21  22  23  24  25  26  27
28  29  30  31  32  33  34  35  36  37
38  39  40  41  42  43  44  45  46  47
48  49  50  51  52  53  55  56  57  59
60  61  62  63  64  65  66  67  68  69
70  71  72  73  74  75  76  77  -8  0
1  2  3  4  5  6  7  8  9  10
11  12  13  14  15  16  17  19  20  21
22  23  24  25  26  27  28  29  30  31
32  33  34  35  36  37  38  39  40  41
42  43  44  45  46  47  48  49  50  51
52  53  54  55  56  57  58  59  60  61
62  63  64  65  66  67  68  69  70  71
72  73  74  75  76  77  -8  0  5  6
7  8  9  10  11  12  13  14  15  16
17  18  19  20  22  23  24  25  26  27
28  29  30  31  32  33  37  38  39  40
41  42  43  44  45  46  47  48  49  50
51  52  53  54  55  56  57  58  59  60
62  63  64  65  67  68  69  70  71  72
73  74  75  76  77  -8  0  1  2  3
4  5  6  7  8  9  10  11  12  13
14  15  16  17  18  19  20  22  23  24
25  26  27  28  29  30  31  32  33  34
35  36  37  38  39  40  41  42  43  44
45  46  47  48  49  50  51  52  53  54
55  56  57  58  59  60  61  62  63  64
65  66  67  68  69  70  71  72  73  74
75  76  77  -8  0  2  3  4  5  6
7  8  9  10  11  12  13  15  16  17
18  19  20  21  22  23  24  25  26  27
28  29  30  31  32  33  34  35  36  37
38  39  40  41  42  43  44  45  46  47
48  49  50  51  52  53  54  55  56  57
58  59  60  61  62  63  64  65  66  67
68  69  70  71  72  73  74  75  76  77
-8  0  1  2  3  4  5  6  7  8
9  10  11  12  13  15  16  17  18  19
20  21  22  23  24  25  26  27  28  29
30  31  32  33  34  35  36  37  38  39
40  41  42  43  44  45  46  47  48  49
50  51  52  53  54  55  56  57  58  59
60  61  62  63  64  65  66  67  68  69
70  71  72  73  74  75  76  77  -8  0
5  6  7  8  9  10  11  12  13  14
15  16  17  18  19  20  21  22  23  24
25  26  27  28  29  30  31  32  33  37
38  39  40  41  42  43  44  45  46  47
48  49  50  51  52  53  54  55  56  57
58  59  60  62  63  64  67  68  69  70
71  72  73  74  75  76  77  -8  0  2
3  4  5  6  7  8  9  10  11  12
13  14  16  17  18  19  20  21  22  24
25  26  27  28  29  30  31  32  33  34
35  37  38  39  40  41  42  43  44  45
46  47  48  49  50  51  52  53  54  55
56  57  58  59  60  61  62  63  64  65
66  67  68  69  70  71  72  73  74  75
76  77  -8  0  2  3  5  6  7  8
9  10  11  13  14  15  16  17  18  19
20  21  22  24  25  26  27  28  29  30
31  32  33  34  35  36  37  38  39  40
41  42  43  44  45  46  47  48  49  50
51  52  53  54  55  56  57  58  59  60
61  62  63  64  65  66  67  68  69  70
71  72  73  74  75  76  77  -8  0  5
6  7  8  9  10  11  12  13  14  15
16  17  18  19  20  21  22  23  24  25
26  27  28  29  30  31  32  33  37  38
39  40  41  42  43  44  45  46  47  48
49  50  51  52  53  54  55  56  57  58
59  60  62  63  64  65  67  68  69  70
72  73  74  75  76  77  -8  0  2  3
5  6  8  9  10  11  12  13  14  15
16  17  19  20  21  22  23  24  25  26
27  28  29  30  31  32  33  34  35  36
37  38  39  40  41  42  43  44  45  46
47  48  49  50  51  52  53  55  56  57
59  60  61  62  63  64  65  66  67  68
69  70  71  72  73  74  75  76  77  -8
0  2  3  4  5  6  7  8  9  10
11  12  13  15  16  17  18  19  20  21
22  23  24  25  26  27  28  29  30  31
32  33  34  35  36  37  38  39  40  41
42  43  44  45  46  47  48  49  50  51
52  53  54  55  57  58  59  60  61  62
63  64  65  66  67  68  69  70  71  72
73  74  75  76  77  -8  0  2  3  4
5  6  7  8  9  10  11  12  13  14
15  16  17  18  19  20  21  22  23  24
25  26  27  28  29  30  31  32  33  34
35  36  37  38  39  40  41  42  43  44
45  46  47  48  49  50  51  52  53  54
55  57  58  59  60  61  62  63  64  65
66  67  68  69  70  71  72  73  74  75
76  77  -8  0  5  6  7  8  9  10
11  13  14  15  16  17  18  19  20  21
22  23  24  25  26  27  28  29  30  31
32  33  37  38  39  40  41  42  43  44
46  47  48  49  50  51  52  53  54  55
56  57  58  59  60  62  63  64  65  67
68  69  70  71  72  73  74  75  76  77
-8  0  5  6  7  8  9  10  11  12
13  14  15  16  17  18  19  20  21  22
23  24  25  26  27  28  29  30  31  32
33  37  38  40  41  42  43  44  45  46
47  48  49  50  51  52  53  54  55  56
57  58  59  60  62  63  64  65  67  68
69  70  71  72  73  74  75  76  77  -8
0  2  3  5  6  7  8  9  10  11
12  13  14  15  16  17  18  19  20  21
22  23  24  25  26  27  28  29  30  31
32  33  34  35  36  37  38  40  41  42
43  44  45  46  47  48  49  50  51  52
53  54  55  56  57  58  59  60  61  62
63  64  65  66  67  68  69  70  71  72
73  74  75  76  77  -8  0  1  2  3
4  5  6  7  8  9  10  11  12  13
14  15  16  17  18  19  20  21  22  23
24  25  26  28  29  30  31  32  33  34
35  36  37  38  39  40  41  42  43  44
45  46  47  48  49  50  51  52  53  54
55  56  57  58  59  60  61  62  63  64
65  66  67  68  69  70  71  72  73  74
75  76  77  -8  0  2  3  5  6  7
8  10  11  12  13  14  15  16  17  18
19  20  21  22  23  24  25  26  27  28
29  30  31  32  33  34  35  36  37  38
39  40  41  42  43  44  45  46  47  48
49  50  51  52  53  54  55  56  57  58
59  60  61  62  63  64  65  66  67  68
69  70  71  72  73  74  75  76  77  -8
0  2  4  5  6  7  8  9  10  11
12  13  14  15  16  17  18  19  20  21
22  23  24  25  26  27  28  29  30  31
32  33  34  35  36  37  38  39  40  41
42  43  44  45  46  47  48  49  50  51
52  53  54  55  56  57  58  59  60  61
62  63  64  65  66  67  68  69  70  71
72  73  74  75  76  77  -8  0  5  6
7  8  9  10  11  12  13  14  15  16
17  18  19  20  21  22  23  24  25  26
27  28  29  30  31  32  33  37  38  40
41  42  43  44  45  46  47  48  49  50
51  52  53  54  55  56  57  58  59  60
62  63  64  65  67  68  69  71  72  73
74  75  76  77  -8  0  1  2  3  4
5  6  7  8  9  10  11  12  13  14
15  16  17  18  19  20  21  22  23  24
25  26  27  28  29  30  31  32  33  34
35  36  38  39  40  41  42  43  44  45
46  47  48  49  50  51  52  53  54  55
56  57  58  59  60  61  62  63  64  65
66  67  68  69  70  71  72  73  74  75
76  77  -8  0  1  2  3  4  5  6
7  8  9  10  11  12  13  14  15  16
17  18  19  20  21  22  23  24  25  26
28  29  30  31  32  33  34  35  36  37
38  39  40  42  43  44  45  46  47  48
49  50  51  52  54  55  56  57  58  59
60  61  62  63  64  65  66  67  68  69
70  71  72  73  74  75  76  77  -8  0
2  3  5  8  9  10  11  12  14  16
19  20  22  23  24  25  27  28  30  31
33  34  35  37  39  40  41  43  44  45
46  47  49  51  52  53  54  55  56  57
58  59  60  61  62  63  64  65  66  67
68  69  70  71  72  73  74  75  76  77
-8  0  1  2  3  4  5  6  7  8
9  10  11  12  13  14  15  16  17  18
19  20  21  22  23  24  25  26  29  30
31  32  33  34  35  36  37  38  39  40
42  43  44  45  46  47  48  49  50  52
53  54  55  56  58  60  61  62  63  64
65  66  67  68  69  70  71  72  73  74
75  76  77  -8  0  2  3  5  6  7
8  9  10  12  13  14  15  16  17  18
19  20  21  22  23  24  25  26  27  28
29  30  31  32  33  34  35  36  37  38
39  40  41  42  43  44  45  46  47  48
49  50  51  52  53  54  55  56  57  58
59  60  61  62  63  64  65  66  67  68
69  70  71  72  73  74  75  76  77  -8
0  1  2  3  4  5  6  7  8  9
10  11  12  14  15  16  18  19  20  21
22  23  24  25  27  28  29  30  31  33
34  35  36  37  38  39  40  41  42  43
44  45  46  47  48  49  50  51  52  53
54  55  56  57  58  59  60  61  62  63
64  65  66  67  68  69  70  71  72  73
74  75  76  77  -8  0  2  3  5  6
7  8  9  10  12  13  14  15  17  18
19  20  21  22  23  24  26  27  28  29
30  31  32  33  34  35  36  37  38  39
40  41  42  43  44  45  46  47  48  49
50  51  52  53  54  55  56  57  58  59
60  61  62  63  64  65  66  67  68  69
70  71  72  73  74  75  76  77  -8  0
2  3  5  6  7  8  9  10  11  12
13  14  15  16  17  18  19  20  21  22
23  24  25  26  27  28  29  31  32  33
34  35  36  37  38  39  41  42  43  44
45  46  47  48  49  50  51  52  53  54
55  56  57  58  59  60  61  62  63  64
65 66 67 68 69 70 71 72 73 74
75 76 77 -8  0  2  3  4  5  6
7  8  9 10 11 12 13 14 15 16
17 18 19 20 21 22 23 24 25 26
27 28 29 30 31 32 33 34 35 36
37 38 39 40 41 42 43 44 45 46
47 48 49 50 51 52 53 54 55 56
57 58 59 60 61 62 63 64 65 67
68 69 70 71 72 73 74 75 76 77
-8  0  2  3  4  5  6  7  8  9
10 11 12 13 14 16 17 18 19 20
21 22 24 25 26 27 28 29 30 31
32 33 34 35 37 38 39 40 41 42
43 44 45 46 47 48 49 50 51 52
53 54 55 56 57 59 60 61 62 63
64 65 66 67 68 69 70 71 72 73
74 75 76 77 -8 -9  0  1  3  5
6  6  6  6  6  6  6  8 10 12
14 15 17 18 20 22 24 26 27 29
31 31 31 31 31 32 33 33 34 35
36 37 38 38 38 38 38 39 40 41
41 43 44 44 44 44 44 44 44 44
44 44 44 44 44 44 44 44 44 44
45 46 47 48 48 49 50 51 51 52
53 54 55 55 55 55 55 56 56 57
58 58 58 58 59 61 61 61 63 64
64 64 64 64 65 65 65 66 66 67
67 67 69 69 69 70 71 72 73 73
74 75 77 77 79 80 81 81 81 81
81 81 81 81 81 81 81 81 81 81
82 82 83 83 83 83 83 83 83 83
83 83 83 83 83 84 85 85 85 87
89 89 89 89 89 89 89 89 89 89
89 90 91 92 92 93 93 94 95 96
96 97 98 99  100  101  102  103  104  105
105  105  105  106  106  106  107  108  109  110
111  111  112  112  112  112  112  112  112  114
114  114  114  114  114  114  115  115  115  115
115  115  115  116  117  117  117  117  117  118
119  119  119  119  119  120  121  121  121  121
122  123  123  123  124  125  125  125  126  127
128  128  128  129  130  130  130  130  131  131
132  132  132  132  132  132  132  132  132  132
132  132  132  133  134  135  136  137  137  137
137  137  137  137  137  137  137  137  138  138
138  138  138  138  139  140  141  141  141  141
141  141  141  141  141  142  143  143  143  143
143  143  143  144  145  146  147  147  148  148
148  149  149  149  149  149  149  149  149  149
149  149  149  150  151  152  153  153  154  154
155  155  156  156  157  158  159  159  160  160
161  161  161  161  161  161  161  161  161  161
161  161  162  162  162  162  162  162  162  162
162  162  162  162  163  163  163  163  163  163
164  164  164  164  164  164  164  165  166  166
166  166  166  166  166  166  166  166  166  166
166  166  167  167  167  167  167  167  167  167
167  167  167  168  169  169  169  169  169  169
169  169  169  169  169  169  169  169  169  169
169  169  169  169  169  169  169  169  169  169
169  169  169  169  169  169  169  169  169  169
169  169  169  170  170  170  170  170  172  172
172  173  173  173  173  173  173  173  173  173
173  173  173  173  173  173  175  175  175  176
177  177  177  177  177  177  177  178  179  180
180  180  180  -10  1  276  277  276  278  279
280  278  281  278  282  278  283  278  284  278
278  285  278  278  285  278  286  278  287  278
285  278  278  285  278  285  288  288  288  288
288  288 12  289  289  290  291  290  291 26
28 26  292  293  294  295  288  288  288  288
296  297  297  298  289  299  299  289  300  299
301  301  301  299  302  299  303  299  299  304
59 58 64  305  306  306  307  308  309  308
278  279  278  279  310  311  312  313  314  314
315  316  296  317  318  280  280  280  280  280
314  319  320  321  322  323  117  324  325  326
327  328  329  330  134  280  331  280  134  331
280  331  332  280  332  134  280  278  278  278
278  278  297  278  278  278  333  333  333  333
334  333  335  336  337  338  297  339  297  297
340  297  297  159  297  278  341  297  336  342
343  341  278  278  280  278  279  344  324  325
345  345  342  278  278  -11 53  1 70  3
122  5  113  7 68  1  102  1 21  3
8  2 68  2 25  6 25  6 70  5
98  2 68  1 21  3 39  3 10  3
10  3 81  2 94  1  115  3  121  2
56  2 97  1 23  1 45  1 48  2
45  3 97  3 23  3 22  3 22  3
92  4 92  4 90  3 90  3 20  4
20  4 91  3 91  3 24  1 24  3
68  1  102  1 33  1 77  1 41  6
41  2 29  1 41  2 29  1 29  1
33  1 77  1 16  1 16  3 12  1
98  2 36  2 68  1 21  3 81  1
38  2 36  1  2  3  2  2 41  2
66  1 41  2 66  1 77  1 15  3
15  3 50  2 66  1 82  1 82  3
101  5  101  5 47  4 47  4  124  5
51  2  117  2  112  3 61  4 60  2
60  2  120  1 42  5 72  2 66  1
77  1  117  1 40  2 66  1 76  2
78  2 72  2 65  1 57  2 76  2
78  2 80  1 56  4 56  5 27  1
27  3 84  2 86  1 86  3 88  1
88  3  123  1  123  3 93  3  5  1
99  1 99  3  9  1 97  1 97  3
103  2 96  1 96  3 68  1  102  1
26  1 26  3 94  1  6  1  6  2
117  2 37  1  4  1  7  1 79  1
4  3 37  3 85  1 49  3 49  3
37  3 94  1 94  1 94  1 85  1
37  1  4  1 79  1  4  3 37  3
37  3  103  1  108  1  108  2 35  6
35  4 35  3 28  4  110  1  119  1
94  1 36  1 87  1  109  2  109  1
104  1  104  2 68  4  110  1  119  1
13  1  116  1  102  2  102  2  105  3
102  2  116  1  119  1 13  1 13  1
110  1 14  3  4  4  115  5 14  5
94  3 67  3 68  3 95  3 37  4
102  3 37  3 83  7 83  4  3  4
32 11  3  8 31  9 66  5 18  4
75  6 63  3  120  4 66  6 66  6
120  3 75  5 53  3 66  6 66  6
120  3 66  5 66  5  120  2 66  4
43  6 43  6 44  6  100  4  107  7
46  2 66  6 66  6 66  6 66  6
46  5 46  5  120  3 73  3 66  4
66  6  100  3 43  2 43  3 30  8
100  2  100  6  120  3 44  3 44  2
120  2  120  4 69  5 69  4 53  9
53  6 71  3 52  7 53  7 53  6
66  4 66  4 53  9 51  2  120  2
75  9  120  2 53 10 53  9 53  8
34  6 34  6 34  3 60  2  100  4
71  6  110  1  116  1  116  1  106  4
116  1  116  1 59  3 40  0  1  1
106  0 62  0  5  0 54  5 19  5
89  5 55  2 58  0 62  1 54  0
48  0 12  0 36  1 21  1  107  0
17  1 17  1 17  1 78  0 72  0
87  1 94  1  111  1  9  1 64  3
94  2 64  1 97  1 42  0 52  0
55  0 61  0  114  2  114  0 74  1
112  0 76  0  114  4 74  3 74  5
74  3 58  2 17  1 17  1 17  1
93  1 57  0 56  0  121  0 11  2
11  1  118  3  118  1  122  0 67  0
7  0 80  0 89  0  111  0  109  1
124  0 19  0 84  0 59  0 50  0
18  0 65  0  109  0  -12  5  1  8
3  1  5  2  5  4  1  7  1  3
5  3  1  6  1 12  1  1  5  1
5  1  5  1  5  4  5  1  5  5
5  1  5  1  5  1  5  1  5  6
5  1  5  1  5 13  1 16  1 19
1  4  1  7  5  7  5 22  1  7
5  7  5  7  5  7  5  8  5  3
1 25  1 28  1 31  1  9  5  9
5 10  5  3  1 11  5  9  5 12
5 13  5 14  5  6  1 15  5 12
5 16  5  3  1  7  1 34  1  4
1 37  1 40  1 43  1  9  1  6
1 46  1 17  5 18  5 19  5  5
1  8  5 20  5 10  5 21  5 22
5  7  5  7  5  7  5  7  5  9
1  6  1  6  1 49  1  5  1 23
5 24  5  5  1 25  5 25  5 23
5 23  5  9  5 26  5 27  5  1
5 23  5 25  5 28  5 29  5 17
5 30  5  1  5 18  5 20  5 19
5 10  5 31  5 24  5  9  5 32
5 23  5 23  5 30  5 23  5 30
5 25  5 33  5 23  5  1  5 85
1  1  5 15  5 15  5 33  5 18
1 88  1 91  1 94  1 97  1  100
1  103  1  106  1 12  5 25  5  7
5 24  1 10  5 33  1 14  5 15
1 24  1  3  1  3  1  3  1  9
1  9  1 18  1 27  1 48  1  3
1  3  1  5  1 14  5  6  1  6
1  1  5  1  5 14  5 15  5  6
5 30  5 24  1  118  1  121  1 16
5  127  1  124  1  2  5  2  5 28
5  6  1 33  5 15  1  5  1  5
1 34  5 15  5 34  5  5  1 14
5 14  5  6  5  7  5  7  5  7
5  6  5  130  1  3  1  4  5  5
3 28  5 25  5 14  5 20  5 20
5 21  5 34  5  7  1 35  5  5
5 29  5  133  1  136  1 22  5 22
5  8  5 23  5 12  5  4  1  4
1 12  5  139  1 34  5 45  1  142
1  145  1 51  1  148  1 12  5 36
5 36  5 12  5  151  1  154  1  157
1  2  5  2  5  3  1  160  1  163
1  4  5 16  5 35  5  6  1  4
1  3  1 37  5  7  5 22  5  5
5  8  5 37  5 15  1 21  1 22
5 37  5 36  5 14  5 30  1  7
5 36  5 33  1 31  5 36  1  8
5 27  1 13  5 45  1 11  5  4
1  7  1  4  1 12  5 12  5 12
1 15  1 12  5  3  1 12  5  1
5  1  5  1  5  1  5  1  5 18
1 45  1 48  1 78  1  169  1  172
1  4  1 12  5 12  5 30  5  5
1 12  5  4  1 12  5  7  1 12
5  1  5  1  5  1  5 12  5 12
5 12  5  3  1  3  1  3  1  6
1  3  1 33  5 33  5  9  1  175
1  6  1  4  1  3  1  4  1 33
5 33  5  9  5 33  5 15  1  5
1  178  1 38  5 23  5 24  1  4
1  9  5  9  5  9  5  9  5  9
5  4  1  184  1 12  5 12  5 36
5  5  1  5  1  5  1  6  1 31
5  5  5 36  5  4  5  5  1  4
1  5  1  5  1 16  5  9  1 36
5  7  1  1  5 12  5  4  1  4
1  4  1  4  1  4  1  7  1  187
1  190  1  4  1  4  1 15  5  3
1 12  5 12  5 12  1 11  5 60
1 12  1  7  5 72  1 17  5 93
1  5  1 30  1 33  1 51  1 66
1 87  1 23  5 12  5 10  1 12
5 13  1 12  5  193  1 36  5 36
5  4  1  4  1  4  1  4  1  4
1  4  1  4  1 12  5  4  1 12
5  199  1  202  1  205  1 12  5  208
1  211  1  214  1 33  1 63  1 19
5 29  5  3  1 29  5  217  1  1
5  1  5 12  5 12  5 42  1 57
1 69  1 12  5  4  1 12  5 12
5 23  5 12  5 12  5 12  5  9
1  4  1 12  5 12  5 18  5 25
5 12  5 21  1 31  1  220  1 14
5 14  5 13  5  3  1 12  5 12
5 36  1 84  1 12  5 12  5  4
1 15  5 23  5 12  5 12  5  7
5  3  1  6  1 23  5  223  1  1
5 36  1 84  1 15  5 13  5 12
5  4  1 12  5 12  5 12  5 15
5 25  1 28  1  4  1  4  3  4
3  4  1  4  1 14  5 23  5 12
5  1  5  1  5 12  5 12  5 12
5 12  5 34  5 31  1 36  5  1
5  1  5 12  5 12  5 12  5 12
5  -13  1  225  133  5  4  0  143  2
4  0  144  2  2  0  145  5  3  0
147  5  5  0  152  2  4  256  152  5
5  257  152  5  3  258  152  2  4  0
152  2  6  259  153  5  3  262  153  2
7  263  153  5  8  266  153  5  9  271
153  5 10  275  153  5  8  279  153  5
4  281  153  5  5  282  153  5 11  283
153  5 11  285  153  5 12  287  153  5
13  288  153  5 14  292  153  5  9  293
153  5  3  310  153  2 15  311  153  5
4  314  153  5  4  315  153  5 10  317
153  5 16  0  153  5  4  322  154  5
17  323  154  5 18  325  154  5 19  327
156  5  3  342  159  2 20  343  159  5
21  344  160  5 22  345  161  5  2  350
161  5 17  351  162  5 26  353  163  5
13  355  163  5 17  0  163  5 23  0
165  5 24  360  167  5 15  366  167  5
25  367  167  5 10  368  169  5  4  373
169  5 26  374  169  5 27  379  169  5
21  0  170  5 27  382  171  5 28  387
171  5  3  391  171  2 10  392  171  5
7  396  171  5 25  400  171  5 24  401
171  5  5  405  171  2 19  406  171  5
3  410  171  5  4  413  171  5 25  415
171  5  4  420  171  5 23  421  171  5
29  423  171  5 30  0  171  5 11  425
173  5  5  427  173  5 18  0  173  5
4  428  174  5 31  429  174  5 18  0
178  5 32  431  179  5 30  0  179  5
28  443  181  5 33  0  181  5 21  0
182  5 34  445  183  5 14  446  183  5
35  451  194  5 21  0  268  5 18  0
269  5 12  455  270  5 18  0  270  5
5  0  271  5 18  0  272  5 23  465
273  5 36  474  273  5 31  478  273  5
18  0  273  5 37  480  274  5  -14  5
0  5  5  5  0  0  5  8  5  6
8  8  8  3  0  5  6  0  5  5
0  7  0  8  9  0  5  0  5  3
27  5  5 67  3  5 75  5  6  6
5  5  0  0  5  3  3  5  5  5
3  4  0  5  5  5  4  0  0  6
3  5  5  5  5  5  0  6  5  0
5  5  5  0  0  0  0  0  0  0
0  0  0  0  3  0  0  0  0  0
0  0  0  0  0  0  0  0  0  0
0  0  0  0  0  0  0 10  0  0
5  0  5  5  5  0  0  5 12  5
3 27  0 19  3  0  5  0  0  5
0  0  6  0  4 12  0  5  0  0
0 12  0  0  6  0  0  5  0  5
5  5  0  0  5 21  5  6 27  0
25  3  0  5  0  0  5  0  3 12
0  4 15  6  5  0  0  0  9  0
0  9  0  0  5  0  5  5  5  0
0  5 39  5  0 30  0  0  3  0
5  0 42  5  0  0  0  0  0  0
0  5  0  0  0 24  0  0 12  0
0 60  0  0  0  0  0  0  0  9
0  0 24  0  5  0  0  0  0 12
0  0  0 18  0  0  0  5  5  0
0  0 24  0  0  5  9  0 39  5
4  3  3  5  0  5 30 12  5  5
5  5  0  0  6  5  4  8  5  0
15  0  6  0  5  9  5  5  5  5
5  5  5  5 21 13  3 10  0  8
5  0  0  0  0  6  5  5  5  0
0  0  4  5  5  8  0  0  0  0
15  5  0  5  8  3 27  8  8  5
5  5  9  0  0  0  3  3  0  0
5  9  6  5  9  5  0  0  0  0
5  5  0  0  0  0  5 15  5  5
3  0  6 27  0  0  5  5  5 90
3  0  0  3  5  0  0  9  0  0
5  5  5  0  0  0  4  0  0  0
0  0  0  0  0  0  8  5  0  0
36  0  0  166  0  8  4  4  4  0
5  0  9  6  0  0  0 24  9 34
9  0  4  0  9  0  0 15  3  0
15  0  9  6  0  4 10 30  0  0
196  6 15 22  7  0  0  0  0  0
0  0  0  0 15  0  4  0  0  0
0 39  0  0  0  0  0  0  0  5
0  0  0  0 24  0  0  5  0  0
12  4  4  3  0  0  0  5  5  6
0 30  3  3  3  4  4  0 45  8
0 15  0  3  9  0 12  6  0  4
0 30  0  0  109  0  3 81  4  4
6  5  0  5  0 42  5  0 30  0
0  3  5  4  0  0  0  0 15  5
5 15  0  0  6  0  4  0 30  0
0  112  0 12  5  5  5  5  5  5
5  5  0  5  5 27  5  5  5  5
0  5  0  0  5  6 27  5  5  5
15  6  5  5  5  5  5  5  124  0
 18 90  0  0  0  0  0  0  0 12
  0  6  5  0 10  0  0  0  0  0
  0  0  0  0  0  0  0  0  0  0
  0  6 27  0  0 64  0  0 16  0
 13  0  0  0  0  0  0  0  6  5
  0 13  0  0  0  0  0  0  0  0
  0  0  0  0  0  0  0  0  6 27
  0  0 70  0  0 27  0  3  0  0
  0  0  0  6  0  6  5  0 16  0
  0  0  0  0  0  0  0  0  0  0
  0  0  0  0  0  6 27  0  0 73
  0  0  0  0  0  0  0  9  0  0
  0  0  6  5 12  5  0  0  0  0
  5  5  0  0  0  0  0 15  3  0
  6  0  6 27  0  0  5  5  5  0
  0  0  0  0  6  0  0  0  0  0
  5 15  5  0  0  0  0  5  5  0
  0  0  0  0  0  0  0  0  0  0
  0  0  0  5  0  5 84  0  9  0
  0  0  0  0  0 12  0 21  0 15
  0  0  0  0 10  0  0  0  3 15
  0  0  0  0  0  0  0 24  0  0
  5  0  0  4  5  4  3  5  5  3
  3 36  6  6  5  5  5  6  0  7
  5  5  5  5  0  0  9  5  5  5
  5  5  5  6 27  5  5  5  5  5
  5  0  5  5  0  0  9  5  0  5
  6  0  0  0  5  5  0  0  0  0
  0  0  0  5  5  0  0  0  0  0
  6 27  0  0 79  0  0 19  0 16
  0  0  0  0  0  0  0  6 24  0
 12  0  0  0  0  3  0  0  0  9
  0  0  6  0  3  0  0  6 27  0
  0 58  0  9  0  0  0  0  0  0
  0  0  0  0  6  0  0  0  0  0
  0  0  0  0  0  0  0  0  0  0
  0  0  0  0  6 27  0  0 52  0
  0  0  0  0  0  0  0  0  0  0
  0  6  0  0  0  0  0  0  0  0
  0  0  0  0  0  0  0  0  0  0
  0  6 27  0  0 55  0  0 75  0
  6  6  0  0  0  5  5 15  6  3
  0 22  3  4  0  0  0  0  0  0
  0 12  3  0  0  0  0  0  6 27
  0  0  3  0  0 54  0  3  0  0
  0  0  0  6  0  6 12  0 28  0
  0  0  0  0  0  0  0  0  0  0
  0  0  0  0  0  6 27  0  0 61
  0  0  4  5  4  0  5  5  0  0
  0  0  6  5  5  5  0  0  0  5
 18  0  5  0  0  0  0 15  0  5
  5  5  3 27  5  5  115 12  5  5
  0  5  5  0  0  3  5  0  5  6
 27  0  0  5  5  0  0  0  0  0
  0 21  5  5  0  0  0  0  0  6
 27  0  0 76  0  0  0  0  0  0
  0  0  0  0  0  0  6  0  0  0
  0  0  0  0  0  0  0  0  0  0
  0  0  0  0  0  0  6 27  0  0
 82  0  0 10  5  0  0  5  5 12
 12  5 15  6  5  5  5  0  4  0
  5  5  5  5  0  6 18  0  5  5
  5  5  5  3 27  5  5  5  5  5
 31  5  0  6  5  5  0  5  5  6
  0  5  5  5  3  4  0  5  5  5
  5  0  0  3 12  5  5  5  5  5
  0 18  5  3  5  5  5  0  0  0
  0  0  0  0  0  0  0  0  0  0
  0  0  0  0  0  7  0  0  0  0
  0  0  0  5  0  0  0  0  3  0
  0  5  0  0  5  5  5  5  5  5
  6  5  5  5  0  5  5  5  5  5
  3  5  5  5  0 12  4  5  5  5
  5  5  5  7  0 21  4  0  5  5
  5  0  0  0  0  0  0  0  0  0
  0  0  0  0  0  0  0  0  0 27
  0  0  0  0  0  0  0  9  0  0
  0  0  0  0  0  5  0  0  0  0
  0  0  0  0  0  0  0  0  0  0
  0  0  0  0  0  0  0  0  0  0
  0  0  0  0  6  0  0  0  0  0
  0  0  181  0  0  -15
