Astro City Bonds
50
Bigg Corporation
1
Metro Properties
0
Pioneer Mutal
4
Oak Creek Realty
7
Standard Drilling
0
City Bus Lines
0
Tiny Auto Company
2
Uranium Mining
6
Valley Electric
3
  12   7   9   7   8   6   5  -2  11  -5  -8
  14  -6  10   8   6   4   7   6  11  13 -10
  13  10   7   5   4   3  -1  -3  -5  -8 -10
  10 -10  -5  -6  -4   3  -3  -8  -7   6 -15
  10  30 -20 -40  40 -15  45 -20  30  25 -20
  20   6  12   3   8   5   6   7  10   4 -20
  21 -19  21  16   4   8 -10  10 -11  18 -23
  25  22  18 -14 -12  -8  10  14 -18 -22 -25
   8  -2   7   4   3   5   4   6  -4  -4  -7
  -2  26  18  23  20  17  19  11  13  14  24
 -10  16  23  28  15  21  24  18  31  -8  24
  -7  25  11  -2  15  13  17  14   1  19  23
  -9   8  12  11   7  -2   9  11  14  -1  20
  -2 -14  46  56 -20  37  -5  67 -11   9  51
  -9  21  18  19  15  23  26  15  18  25  27
  -7  14  -5  30  13  23  13  22  18 -10  38
 -16  -4  34  29 -10  19  -7  18 -14  13  33
  -4  17  15  14  12  14  15  13  10  19  18

